1000 9910
927 902
806 605
94 707
441 979
831 250
691 943
671 397
659 333
446 150
701 932
688 459
907 555
268 827
911 35
894 937
199 269
40 682
437 680
76 88
223 155
910 489
707 69
663 22
143 506
666 789
170 420
476 724
315 998
356 542
873 652
95 243
406 378
43 604
84 128
546 118
170 866
387 91
351 938
134 307
247 581
378 788
786 271
762 126
425 508
899 69
149 686
560 715
387 377
140 103
970 978
643 72
399 771
889 226
174 194
880 939
64 696
221 85
895 365
757 332
462 104
10 425
104 130
780 181
845 746
438 17
684 281
261 632
63 940
963 338
547 19
826 70
862 920
21 408
828 536
875 543
2 567
612 730
675 485
45 499
488 16
768 98
253 368
492 712
725 918
930 202
513 978
146 733
683 398
526 584
52 215
751 983
76 237
242 197
612 7
47 988
319 859
159 802
492 381
311 987
204 137
61 752
468 758
35 909
739 149
113 338
522 580
348 18
28 157
486 577
566 645
606 342
538 78
151 193
652 618
669 644
999 957
456 515
44 762
100 654
710 323
415 365
931 110
439 379
39 797
761 233
556 574
377 240
285 751
771 106
40 995
334 710
960 177
192 299
174 111
585 772
628 750
131 856
686 10
732 860
110 728
757 447
797 792
266 832
379 713
414 344
879 652
755 658
422 839
386 425
685 195
79 340
816 318
101 268
48 136
67 372
292 515
430 657
290 60
73 692
292 658
498 443
280 122
647 140
111 69
697 336
557 299
581 677
655 930
802 50
107 802
931 130
354 589
328 198
778 59
321 444
570 185
932 800
517 990
5 138
502 748
773 245
761 469
762 528
613 492
655 241
513 728
881 390
133 231
227 20
804 876
877 82
762 754
602 411
126 885
382 707
455 397
113 382
759 195
730 455
679 386
779 772
670 707
932 568
804 721
734 406
700 258
404 711
44 734
137 759
784 813
473 624
757 192
961 987
322 791
676 378
199 575
481 190
834 400
295 653
235 504
741 467
166 878
779 864
64 736
799 146
253 244
477 460
225 403
290 488
525 702
448 766
414 455
953 152
237 672
606 571
385 195
423 271
188 752
837 269
769 101
590 975
833 810
11 230
864 788
958 994
523 131
742 789
998 483
980 874
494 194
564 460
30 288
177 988
328 757
384 722
319 770
566 220
324 916
668 465
708 562
503 214
394 550
553 631
630 615
596 691
691 737
319 736
322 260
821 878
809 814
611 406
67 144
660 531
293 22
848 979
903 989
190 742
156 818
87 333
948 278
18 815
572 394
913 787
442 675
919 151
160 993
317 225
736 643
485 428
131 101
117 404
541 562
285 263
676 271
474 867
770 852
583 135
202 434
304 494
511 659
602 947
876 310
182 451
148 599
775 602
559 323
103 71
486 85
16 65
736 336
935 784
549 168
63 725
728 891
102 133
304 204
987 577
515 310
241 871
910 359
596 104
583 455
176 918
374 809
489 81
309 742
93 847
519 375
975 337
922 335
818 158
157 466
61 680
141 729
695 86
497 991
929 426
488 166
16 525
492 854
517 739
519 21
417 111
848 341
224 607
11 403
750 44
25 531
212 907
553 945
238 227
226 571
759 327
225 980
636 498
928 315
416 86
735 494
682 230
648 938
441 684
810 791
904 198
877 905
40 570
536 863
294 115
497 325
616 141
66 242
29 510
754 295
949 287
351 247
675 524
338 722
598 156
595 122
549 840
221 647
863 104
961 462
908 985
434 429
853 200
165 960
773 641
485 125
563 213
356 893
123 602
987 993
36 883
974 665
847 661
792 901
101 851
597 958
838 56
144 212
188 133
11 644
303 692
452 786
788 980
625 115
679 825
258 503
151 352
434 355
527 709
913 689
59 1
645 778
371 275
79 194
305 129
841 983
714 303
326 537
157 517
429 288
529 626
417 440
252 539
686 312
450 416
177 344
414 31
272 628
828 537
479 575
500 762
980 716
983 255
909 760
508 221
798 273
439 617
745 62
128 450
773 510
8 568
445 605
694 912
878 237
823 564
423 138
6 374
172 906
44 920
485 477
125 934
772 713
631 380
171 194
302 664
892 136
711 452
693 73
967 862
734 639
241 58
463 655
941 875
673 501
399 469
881 106
833 24
118 371
429 764
895 537
626 318
208 619
550 63
592 257
131 159
188 468
595 622
127 193
735 902
919 223
667 110
204 514
743 443
563 49
931 565
363 55
980 78
396 15
714 854
398 709
348 816
633 934
796 552
322 931
415 386
130 238
524 994
373 276
508 956
93 593
330 505
371 239
792 840
687 423
46 277
840 294
326 517
183 132
331 913
297 769
686 229
180 958
570 258
185 992
613 416
315 357
408 1
335 622
216 970
124 723
426 429
779 99
379 391
859 6
292 738
21 300
573 879
831 351
655 941
567 369
626 783
450 155
384 856
846 824
741 46
524 653
989 663
85 458
233 735
252 109
215 859
825 3
132 381
425 397
854 374
640 440
264 924
66 24
48 563
431 272
513 735
881 389
60 638
541 233
155 338
545 238
416 934
808 616
934 24
441 597
706 91
139 966
636 792
213 57
640 629
91 661
221 606
296 299
758 367
333 880
741 822
505 251
113 462
629 355
374 262
267 269
70 15
524 987
75 999
444 176
637 809
241 151
175 448
16 471
697 832
628 604
166 684
779 626
940 535
50 170
586 72
325 484
386 360
707 724
634 348
688 466
486 57
953 692
497 720
97 510
206 136
508 432
480 818
990 484
917 51
665 995
962 732
484 264
51 999
517 654
544 804
210 488
87 82
716 546
845 130
388 965
299 34
671 282
674 42
914 767
738 933
546 80
251 986
932 837
773 34
133 56
650 146
484 844
575 106
385 831
540 741
673 460
982 54
255 528
695 727
368 380
166 3
672 132
569 252
405 553
902 550
407 156
89 255
123 339
951 835
424 476
425 933
545 980
880 453
184 444
979 507
890 494
680 828
350 376
634 47
905 589
48 863
456 683
974 557
991 753
518 771
227 604
670 990
126 338
239 529
735 764
205 929
745 628
654 626
427 353
793 782
813 435
281 34
634 368
338 85
675 302
509 156
936 770
404 792
633 184
154 835
85 989
637 640
824 867
480 368
613 407
928 769
546 432
73 402
100 899
570 314
399 404
633 410
651 23
138 430
751 366
453 727
202 809
920 212
557 225
760 787
870 360
472 731
8 541
81 441
33 491
945 528
768 55
648 589
761 964
165 73
959 51
432 572
465 26
656 68
789 720
61 633
958 249
371 513
63 479
656 875
289 374
809 623
973 292
425 342
445 139
912 864
363 526
108 40
316 920
658 399
623 469
644 206
347 710
22 622
294 963
49 908
432 836
507 924
579 538
678 37
536 638
423 698
156 791
341 589
37 52
809 43
27 994
445 335
374 312
545 609
126 620
365 327
71 277
494 996
36 775
691 184
948 521
899 71
666 326
667 163
582 50
641 524
126 334
73 66
550 732
6 638
887 949
922 800
749 948
681 684
334 394
283 984
427 28
50 965
42 821
188 603
82 50
33 542
732 152
175 188
36 391
198 985
233 55
968 62
107 538
257 455
370 328
578 933
979 670
984 776
162 92
842 682
883 58
223 549
315 550
677 896
836 275
693 182
996 254
9 209
47 617
591 696
795 635
423 794
377 600
13 538
478 488
308 869
40 648
368 309
630 573
665 943
923 365
220 519
748 584
750 138
477 638
616 234
471 876
94 249
496 88
408 906
196 809
572 476
40 821
627 923
552 145
61 544
17 27
515 804
438 661
476 472
469 17
424 35
925 937
452 593
62 849
645 570
745 786
818 51
970 101
239 728
704 918
419 779
710 99
303 587
253 908
589 882
382 240
741 951
44 425
779 678
233 352
766 346
287 71
897 823
828 361
560 983
462 219
28 865
158 816
400 760
789 370
810 959
332 117
408 147
392 824
853 891
103 364
25 215
583 529
346 419
133 527
618 119
31 352
390 1
301 986
770 68
803 360
931 319
863 952
557 297
836 480
342 377
259 591
385 560
315 947
523 246
82 602
122 735
986 388
289 220
18 498
95 736
313 833
778 392
122 590
303 503
808 843
184 101
403 453
995 319
977 856
173 935
798 862
91 989
433 832
172 267
815 505
318 163
377 741
194 501
801 347
621 442
641 721
255 716
330 789
293 495
804 187
377 725
467 468
912 711
506 50
821 953
131 365
630 315
249 268
430 315
621 220
772 226
334 919
45 544
65 354
732 766
59 396
534 57
175 338
132 937
326 154
681 441
240 807
648 270
84 920
263 936
207 665
738 173
187 401
979 173
541 846
357 577
140 41
322 900
589 790
111 566
844 769
594 940
23 892
689 832
49 481
966 372
272 256
770 3
555 795
337 302
926 646
374 963
490 196
672 848
103 400
31 439
324 67
902 302
7 78
673 534
862 997
431 770
215 171
452 303
194 994
581 647
931 424
971 631
988 655
640 22
659 306
163 643
720 196
114 111
665 581
777 131
48 577
678 717
829 623
77 714
616 4
976 380
564 909
748 912
269 265
544 463
908 672
446 739
958 631
639 590
217 153
863 118
540 59
248 513
563 330
658 74
701 232
465 768
598 336
321 740
838 323
343 867
895 822
87 981
348 731
610 162
39 854
670 844
658 876
164 229
2 200
205 975
465 546
410 165
230 354
31 584
921 343
405 366
614 452
157 797
805 973
699 326
607 561
663 483
736 654
514 113
239 502
295 512
303 850
650 529
262 331
709 242
642 173
880 608
385 484
152 161
499 10
392 752
467 147
984 958
125 92
822 418
158 142
723 283
394 53
312 406
681 883
703 714
745 64
951 701
391 672
930 50
552 992
773 408
656 601
634 78
601 641
284 763
394 279
696 747
642 529
517 899
668 529
962 370
191 132
708 882
671 489
512 13
80 15
650 183
311 377
907 556
368 266
523 540
85 227
359 964
878 69
537 551
954 563
126 800
553 738
972 236
614 981
207 545
598 146
639 610
472 54
474 210
790 608
645 291
459 784
147 232
498 758
852 793
959 583
999 922
50 303
692 834
160 339
880 482
148 928
990 107
458 88
904 882
606 982
583 232
676 478
325 776
805 62
788 157
442 564
779 991
905 616
456 712
684 976
847 260
116 306
387 378
654 476
931 889
473 735
827 824
956 156
245 323
965 90
987 574
679 904
41 524
560 556
120 19
942 202
747 158
175 729
987 431
901 883
425 578
979 835
157 515
654 873
182 126
408 39
104 662
569 556
328 990
402 573
175 618
978 136
102 784
693 403
661 267
915 905
510 565
766 958
928 524
160 614
17 803
842 826
937 850
24 149
319 102
46 810
147 209
475 684
313 185
367 874
635 906
851 697
963 915
860 689
159 670
38 805
989 859
242 192
189 455
595 700
856 636
473 44
564 164
549 520
380 453
588 226
165 319
784 166
260 5
172 505
911 806
950 840
965 617
531 243
279 9
134 788
32 842
201 837
311 408
829 91
957 390
886 20
619 875
876 90
173 296
526 340
657 475
568 586
127 33
830 718
990 496
961 542
176 882
656 44
965 62
72 803
54 887
55 42
261 679
991 458
860 42
254 233
150 420
387 786
64 933
324 511
385 277
342 271
556 294
920 13
814 617
604 837
141 961
608 256
937 846
775 262
137 624
677 820
750 474
757 536
369 397
947 530
655 845
432 709
696 786
768 367
103 497
994 523
545 115
431 274
35 989
240 269
111 506
919 569
276 557
152 627
285 937
866 416
95 22
528 857
764 327
344 394
808 505
436 474
757 570
740 296
668 29
28 252
981 194
530 831
299 819
141 12
622 703
771 429
809 98
350 386
154 425
84 42
297 235
88 173
418 177
144 143
790 266
425 762
320 817
980 108
486 989
953 984
843 412
957 652
443 625
716 563
572 37
480 117
244 214
331 507
852 277
430 871
439 302
456 510
3 499
983 978
31 33
966 644
805 522
3 512
496 894
996 591
543 154
379 583
860 14
128 255
681 901
920 331
404 100
8 773
336 370
210 343
747 388
586 522
918 581
712 218
347 131
403 149
189 700
225 739
579 492
262 936
618 266
379 274
641 209
458 655
315 990
561 986
981 561
362 274
146 288
935 96
919 895
741 209
967 915
289 360
844 222
862 479
354 334
62 103
476 270
530 461
173 271
252 337
769 599
96 973
78 717
804 899
342 838
236 189
769 960
221 527
458 323
722 800
190 794
48 831
716 198
903 990
528 980
411 200
347 922
95 296
5 560
212 20
715 407
168 82
998 118
563 107
141 129
127 104
753 572
404 597
743 338
69 175
487 400
787 736
151 841
19 842
41 902
885 13
874 286
323 556
196 294
88 423
550 513
129 379
610 372
701 683
572 13
819 544
641 704
385 2
405 79
138 330
581 38
380 681
970 751
239 358
560 295
353 743
617 850
690 670
418 61
537 49
332 923
229 493
46 557
202 855
132 642
877 578
417 108
759 546
170 382
622 366
618 380
220 518
226 583
977 133
206 721
501 719
156 318
363 565
864 529
703 56
778 321
428 714
638 583
34 689
96 890
354 338
9 917
469 3
697 480
312 834
169 863
575 451
557 820
562 926
436 372
398 803
790 609
578 199
869 964
51 125
911 739
908 177
755 651
758 452
486 699
639 323
269 927
936 420
754 663
938 606
670 937
875 169
649 658
176 760
728 949
379 963
69 131
89 637
953 784
885 225
98 757
84 832
657 280
704 998
311 123
941 224
376 126
196 425
343 330
913 583
456 54
111 734
58 470
764 346
550 783
538 975
713 166
395 482
676 881
627 229
832 607
427 917
581 828
53 563
802 187
395 371
289 980
381 326
453 713
368 875
651 213
671 335
30 93
983 105
342 339
489 765
890 851
466 727
621 545
267 522
967 565
861 321
147 208
275 7
424 971
151 680
427 192
817 632
90 10
645 314
592 952
792 266
702 269
777 218
704 982
12 941
74 518
570 899
826 617
482 291
542 357
35 945
53 344
165 318
187 858
194 942
597 283
321 16
133 683
947 836
17 511
119 167
813 787
178 778
75 158
847 596
818 890
749 338
734 446
457 466
916 815
666 646
350 423
98 452
596 315
248 425
294 149
639 359
678 289
679 760
245 4
892 813
453 55
278 34
836 520
549 173
715 701
241 962
274 829
115 985
850 348
542 702
874 342
305 81
168 471
222 558
689 171
174 333
487 702
538 123
662 230
374 318
945 914
950 173
521 835
319 342
559 718
110 425
720 557
504 825
847 155
51 829
254 968
759 629
854 683
466 552
57 509
258 828
624 303
320 857
199 435
940 339
726 320
724 417
730 911
278 532
19 38
259 631
117 983
687 607
821 760
129 50
527 390
431 285
125 568
753 247
441 745
541 230
51 358
75 92
167 388
5 313
479 502
374 200
212 275
359 668
786 30
810 168
481 758
430 313
503 413
87 834
683 499
992 742
131 974
151 225
264 475
529 465
415 700
880 43
701 51
80 675
669 533
467 165
675 584
495 755
520 891
313 995
387 292
887 601
690 183
952 646
343 360
316 373
905 816
391 357
931 816
879 974
774 750
76 937
610 337
483 953
728 796
721 565
280 781
210 50
375 748
987 406
219 768
185 912
296 535
222 924
353 730
210 197
585 407
418 22
722 40
500 654
543 42
241 554
579 350
532 190
245 894
607 556
285 72
603 501
860 476
533 482
266 311
52 228
716 259
313 240
133 37
431 320
287 350
61 707
333 606
338 968
911 123
270 113
237 2
592 31
114 335
811 319
243 385
173 794
339 590
732 787
41 440
905 263
319 637
69 618
472 92
880 361
716 199
735 37
614 958
8 158
869 943
14 141
730 423
14 404
358 598
38 302
4 362
244 631
980 452
580 905
669 584
799 681
468 127
141 47
747 613
715 406
93 278
222 170
204 657
705 156
508 787
14 694
438 962
580 687
710 30
32 593
508 642
715 756
53 965
148 595
645 641
371 394
207 48
154 172
62 877
391 329
110 805
572 970
55 24
28 820
432 405
819 547
694 477
550 791
914 821
603 533
950 250
608 909
314 8
346 430
858 589
270 759
343 391
827 474
76 763
86 324
964 81
177 641
745 281
367 114
719 713
172 892
566 120
104 858
825 862
975 992
445 565
156 392
514 710
202 549
185 104
744 153
176 421
621 717
954 668
369 84
116 780
692 264
731 290
364 713
91 899
94 486
39 419
668 305
136 130
816 612
639 782
42 212
511 899
374 129
449 254
782 168
878 769
344 468
342 867
491 359
753 8
832 441
170 304
173 655
191 602
529 383
807 700
79 741
830 871
534 305
652 579
835 719
222 247
593 929
136 734
84 252
875 283
639 322
933 503
827 604
559 13
122 282
418 529
348 808
187 362
116 316
546 815
505 259
287 223
13 503
435 616
330 382
830 675
999 88
106 153
365 936
956 269
818 362
413 518
152 441
607 676
629 156
564 989
391 83
166 462
52 607
189 912
480 284
789 61
167 889
774 291
99 927
730 743
327 631
642 977
161 811
372 568
724 725
661 228
555 289
99 637
704 777
355 711
601 739
466 724
82 636
930 199
733 690
636 419
838 803
604 897
760 639
318 59
755 184
412 36
86 55
682 198
901 120
613 814
284 317
742 642
152 904
528 895
657 925
826 840
752 836
122 237
285 741
749 448
753 901
661 890
540 125
745 719
820 285
972 496
631 813
249 920
49 655
78 469
349 244
601 283
88 322
645 584
975 209
486 902
468 405
969 424
862 317
221 171
296 798
135 895
767 224
880 972
2 976
130 157
277 218
172 256
492 463
141 571
516 729
353 701
872 987
964 94
466 884
233 135
362 805
381 7
272 453
491 715
755 774
336 648
164 887
476 929
155 893
786 697
713 495
846 141
613 142
501 868
528 471
727 154
823 743
534 638
484 965
893 383
263 515
60 788
42 507
668 603
975 841
635 936
139 141
622 150
178 535
346 917
343 414
578 328
427 444
108 767
792 406
713 948
483 289
536 923
442 950
796 469
156 948
251 382
96 110
184 309
627 971
539 381
188 261
411 238
86 428
832 272
500 390
155 229
47 51
288 450
17 4
291 997
719 493
246 209
736 619
614 588
616 645
980 110
230 325
72 611
456 258
495 611
461 527
888 261
83 101
121 154
110 782
680 241
555 911
383 318
746 894
766 373
680 128
276 331
576 465
922 197
172 484
121 500
563 717
131 737
785 571
600 286
789 147
917 462
225 406
776 770
724 952
374 881
837 359
175 768
381 43
182 36
573 685
546 283
105 57
908 302
551 526
54 226
21 475
849 170
809 838
688 104
816 61
29 800
693 457
452 441
396 538
989 590
648 68
977 14
715 162
195 473
894 725
401 586
223 790
755 177
9 157
356 44
637 173
506 657
347 419
77 886
835 150
599 209
431 323
837 844
513 654
114 509
575 88
8 466
963 762
801 139
605 901
810 107
198 500
775 117
493 808
167 427
830 249
47 241
970 484
264 361
467 354
985 225
340 2
564 766
238 759
978 938
84 217
156 702
218 867
719 449
484 149
447 770
608 578
843 583
865 341
121 197
175 480
624 220
879 892
957 686
176 685
185 105
487 483
110 810
534 152
420 296
849 714
296 726
444 438
447 625
508 609
344 706
291 477
974 834
996 670
903 322
724 877
487 705
474 672
400 707
111 821
828 643
483 690
15 563
560 240
689 476
263 193
581 838
782 210
881 948
2 557
100 280
923 991
964 225
712 154
198 901
346 184
740 942
707 129
967 595
539 840
995 410
647 381
815 751
376 766
488 472
808 887
313 275
26 988
632 559
392 158
694 683
94 487
671 203
674 927
969 789
17 640
768 472
938 301
815 434
619 725
123 386
357 323
288 189
455 451
592 139
71 243
769 851
191 154
313 719
339 843
691 414
175 49
731 993
904 885
465 115
884 612
54 588
767 126
606 952
793 543
614 487
492 480
838 223
823 169
201 234
944 334
317 708
301 191
179 671
39 493
510 207
93 829
974 862
866 639
673 120
704 178
914 937
423 381
928 801
56 604
418 95
298 761
512 351
340 872
425 969
932 596
439 612
25 976
600 860
51 848
604 892
271 863
949 454
702 253
357 316
695 452
756 726
995 438
760 529
982 144
656 828
911 156
454 537
420 665
497 58
780 49
759 294
627 720
699 751
773 44
96 792
122 776
268 932
792 554
155 506
911 803
693 859
626 315
667 906
94 253
866 266
459 928
596 615
57 892
891 933
628 816
807 675
97 952
840 768
503 552
882 627
701 45
891 643
822 771
151 153
37 165
59 469
204 730
709 371
212 189
624 149
879 839
382 869
809 293
974 617
898 378
577 257
418 703
277 360
47 196
689 856
373 287
505 655
733 15
41 621
371 242
83 166
548 100
896 461
21 36
220 21
172 400
671 126
563 609
481 713
239 152
392 651
319 336
581 909
506 809
124 744
250 927
34 192
384 63
926 475
270 607
992 307
884 321
423 71
280 239
689 373
287 532
755 212
738 922
561 947
981 538
712 289
821 449
698 380
647 250
886 745
902 130
290 762
966 579
954 597
313 331
463 761
833 950
996 485
660 807
80 345
840 36
443 12
992 330
894 890
91 635
476 747
521 72
170 358
515 738
320 263
543 827
947 930
624 757
910 781
990 772
635 471
584 823
883 977
166 341
886 196
870 761
959 664
691 470
578 1000
452 546
267 801
291 996
239 999
903 661
446 948
982 602
776 455
944 601
763 617
175 463
718 735
629 384
12 562
406 241
724 116
766 747
254 479
115 951
595 385
210 929
67 568
729 587
859 564
987 635
972 688
85 964
872 287
768 740
896 425
474 717
579 661
572 774
667 570
680 791
812 457
72 32
419 469
292 557
591 139
671 227
841 716
897 162
594 492
778 231
57 430
739 646
962 507
411 611
489 692
842 881
258 798
190 221
393 61
270 341
699 585
169 582
665 585
632 532
595 648
355 879
599 208
203 803
208 822
756 957
887 213
894 775
570 953
574 897
756 812
252 80
471 931
739 211
139 793
160 799
807 666
593 522
807 184
706 299
350 775
467 357
285 684
938 726
709 553
322 595
64 6
583 145
605 505
274 609
207 141
62 640
760 478
856 145
250 416
571 422
136 913
693 967
359 215
732 915
248 178
538 191
205 557
499 496
90 735
129 489
422 822
476 841
235 348
742 126
138 472
46 705
927 216
567 97
828 627
133 579
775 20
957 849
724 588
358 710
936 692
849 149
613 372
890 971
177 528
534 692
259 770
519 160
557 365
25 612
247 331
798 105
821 392
215 937
826 382
225 893
126 734
820 848
289 152
21 577
835 373
858 62
273 652
990 531
129 736
890 399
433 894
626 389
946 572
409 981
142 9
36 564
548 315
994 272
446 370
450 275
999 513
515 274
770 609
364 120
166 258
151 186
759 129
7 842
530 97
752 209
143 534
331 478
387 64
373 119
364 943
954 897
468 157
344 867
734 80
22 828
572 894
629 471
889 122
541 641
272 174
37 482
904 547
598 717
603 853
291 761
118 614
837 28
620 924
491 747
846 362
258 275
171 606
814 772
813 574
525 367
382 266
37 853
665 84
314 42
813 180
444 697
263 151
584 132
117 695
318 765
358 738
585 318
90 836
362 737
992 296
976 877
299 208
854 642
531 605
95 634
833 645
67 221
768 837
489 627
878 247
43 100
688 287
545 506
503 118
129 595
632 588
747 909
259 685
189 308
320 397
119 55
288 107
539 482
705 798
522 764
209 687
599 510
86 279
464 934
554 45
706 480
67 441
1000 733
549 790
528 543
670 750
934 803
957 386
467 138
782 855
658 801
397 203
736 577
240 816
187 283
102 394
909 112
841 266
22 837
210 811
525 32
891 731
297 202
453 197
550 765
148 533
267 869
408 506
483 926
376 46
747 225
515 231
7 346
554 643
666 121
771 445
577 546
372 90
411 350
604 285
129 465
223 977
188 628
963 422
945 919
366 939
332 591
803 414
280 216
202 795
242 860
258 537
544 798
820 635
287 646
237 983
755 38
607 969
955 440
410 895
358 537
604 833
953 204
971 590
884 497
925 177
284 319
656 657
329 898
271 35
163 746
518 32
406 782
498 231
429 340
507 31
109 523
735 415
212 568
172 976
772 314
367 616
631 207
668 379
891 98
422 198
230 831
372 757
986 965
74 283
35 652
365 409
129 693
279 41
363 758
22 885
796 868
856 7
857 882
221 491
611 831
135 959
378 710
552 175
516 304
649 687
839 612
897 741
590 538
790 104
370 713
57 190
941 148
562 203
84 891
267 429
785 424
288 896
92 414
758 975
698 517
138 338
598 868
896 426
418 930
609 413
59 956
426 617
263 78
491 681
79 422
272 208
85 805
267 792
560 144
16 536
769 126
128 98
996 425
906 945
444 976
985 920
124 380
949 893
896 103
534 681
367 200
3 947
833 732
866 744
697 398
894 731
897 323
293 586
419 643
242 34
777 821
907 694
327 351
882 18
132 351
431 333
622 176
53 251
19 71
627 282
904 287
905 42
156 244
673 454
912 890
276 322
696 929
197 154
626 414
222 365
170 456
943 343
446 277
123 670
625 94
364 902
701 257
95 118
635 5
599 422
105 806
515 581
297 84
61 19
423 652
28 220
675 779
225 321
571 874
575 37
313 802
266 786
795 98
890 44
265 903
909 470
986 763
553 52
165 934
521 41
283 295
925 876
123 548
607 286
792 991
723 885
740 957
863 501
304 485
66 732
909 184
895 19
73 168
92 348
886 370
615 912
643 631
837 150
657 304
452 948
434 747
935 777
115 914
611 569
244 54
542 757
580 584
723 159
230 65
913 607
272 353
93 983
149 72
101 508
107 679
842 478
276 472
614 170
620 607
125 87
492 830
110 501
42 637
224 776
243 20
462 310
51 969
492 845
347 114
888 147
629 584
152 68
940 229
599 800
11 315
506 977
179 55
145 930
915 993
312 266
664 223
376 657
877 719
646 34
61 514
99 723
209 279
686 739
986 121
15 497
642 669
437 271
350 992
423 876
359 882
51 389
87 451
794 654
626 51
228 363
57 634
621 492
28 78
385 910
133 312
278 478
99 111
890 366
908 577
568 486
181 605
499 431
967 455
334 929
170 718
189 98
905 433
429 947
770 529
862 155
407 924
984 789
373 955
447 8
914 336
611 230
259 28
45 756
550 398
46 183
819 501
417 885
606 47
351 930
19 765
558 850
874 495
603 807
162 547
179 963
382 222
572 122
650 988
182 723
671 870
122 422
953 645
715 610
594 881
743 80
410 420
230 109
267 501
286 275
204 273
702 923
849 204
135 58
266 807
139 63
837 428
751 426
815 978
977 281
940 939
888 140
825 669
975 675
758 721
284 566
929 335
33 370
374 609
975 592
209 81
651 902
802 38
622 415
470 152
676 595
414 780
932 933
927 610
364 522
493 170
635 553
375 138
216 561
659 369
783 582
259 543
795 625
501 592
835 336
158 455
821 141
56 9
455 131
863 262
898 902
47 853
48 925
857 345
35 949
933 852
496 207
114 658
616 208
246 447
563 491
69 670
179 498
776 96
815 193
30 831
469 261
164 501
894 575
301 427
866 251
903 802
260 800
451 867
89 274
36 783
218 694
909 172
791 937
683 608
170 565
559 189
107 146
27 749
531 468
421 708
350 314
633 830
649 545
49 285
732 566
219 913
398 716
158 166
44 528
802 259
362 255
235 142
22 59
745 566
413 630
488 760
613 952
111 649
992 137
962 977
809 435
451 332
930 361
37 743
186 163
832 657
764 724
176 85
106 410
149 142
979 723
414 98
610 826
685 989
523 14
963 199
52 494
617 72
599 1000
211 923
379 269
950 370
494 46
167 124
741 87
946 897
980 973
960 961
17 915
553 865
169 616
238 820
742 579
502 740
105 414
290 760
392 88
835 332
910 318
806 383
863 378
386 618
765 606
179 417
826 760
823 639
548 932
835 618
537 463
144 599
625 2
678 20
985 405
649 786
890 286
198 169
808 397
957 52
761 435
255 441
866 14
318 912
616 633
579 655
28 415
545 547
829 925
199 678
58 598
166 565
799 471
670 997
641 989
475 176
26 27
814 240
192 271
783 831
71 761
55 148
455 862
706 824
451 411
116 134
201 160
657 907
296 652
816 323
764 649
729 762
501 294
783 989
73 382
510 261
828 762
6 858
372 302
779 422
710 754
2 725
846 466
208 418
335 587
160 709
58 236
497 900
205 75
81 197
300 353
836 435
750 665
197 743
493 336
510 630
79 452
617 36
545 327
798 115
233 787
559 974
54 259
38 900
591 600
258 796
388 851
266 307
712 351
556 848
995 496
668 442
247 391
346 884
274 249
5 103
407 439
869 376
962 10
356 269
804 825
644 322
583 847
145 253
678 929
682 44
406 740
78 833
246 487
66 793
364 22
810 136
973 748
578 252
317 136
513 56
934 793
169 401
922 753
724 325
890 45
602 665
396 232
17 229
456 579
701 83
744 389
727 983
139 598
415 651
364 331
771 29
75 952
314 720
537 791
84 954
236 653
2 354
810 716
443 45
707 254
123 773
72 785
658 520
145 603
595 415
407 575
339 349
106 48
931 929
336 434
101 423
928 937
747 313
231 872
548 190
327 873
382 492
901 938
977 316
36 505
992 415
479 707
119 632
102 878
585 256
224 392
16 517
493 419
793 45
93 617
896 52
513 92
253 355
370 1
209 133
871 655
180 258
147 187
755 142
533 646
51 99
428 560
214 225
694 831
271 26
698 306
38 819
366 412
498 812
318 3
341 226
311 974
916 732
518 376
953 933
165 261
920 518
703 261
855 590
714 558
342 871
94 260
78 861
778 575
425 426
946 397
765 957
14 453
809 899
208 534
579 553
874 699
231 490
178 242
622 649
329 358
511 74
442 591
917 990
535 387
649 699
101 859
644 688
895 161
491 167
775 545
724 63
463 21
936 199
944 754
357 899
874 383
233 397
767 200
144 445
274 869
776 767
724 797
317 705
361 465
498 803
116 77
378 582
817 38
253 180
495 235
872 626
854 934
680 228
54 62
917 116
962 543
897 232
293 815
1 976
920 55
67 78
179 14
720 356
424 801
497 221
405 546
302 966
254 691
968 612
591 528
445 966
889 206
1000 3
848 87
905 16
998 653
197 147
954 559
811 490
333 610
82 802
61 883
857 344
341 119
518 759
721 505
887 107
786 55
880 294
574 46
460 506
302 493
605 748
252 628
18 988
666 528
210 628
670 748
19 570
745 906
320 75
830 609
634 110
925 851
801 877
822 945
566 569
790 211
426 974
500 243
242 456
802 677
676 222
469 696
716 110
926 514
235 279
339 542
131 720
153 40
338 20
432 81
457 994
194 759
254 787
385 254
832 513
466 839
395 261
71 961
347 12
834 566
154 676
708 3
780 944
712 70
645 236
148 58
276 247
584 384
824 495
55 533
573 984
99 669
595 512
528 419
498 229
798 822
178 743
394 440
203 824
294 209
633 407
65 831
216 445
22 719
562 976
544 331
949 332
653 632
32 142
133 533
218 617
972 306
222 401
443 580
155 72
782 23
948 315
696 340
607 6
39 986
740 677
45 537
952 941
737 681
790 413
667 66
445 368
753 795
643 237
774 897
957 277
524 856
908 255
585 862
782 672
788 805
890 43
557 910
737 907
573 229
226 496
602 61
102 263
608 664
755 603
318 895
267 431
676 65
219 918
645 842
707 621
870 139
48 222
391 6
871 545
712 821
589 625
20 860
187 229
724 964
108 418
254 783
555 574
902 289
304 628
764 616
824 685
826 7
261 330
2 581
96 296
579 325
564 695
765 114
539 935
487 780
972 684
186 265
849 63
668 661
603 456
342 412
751 48
518 115
149 500
744 162
891 437
450 53
215 887
14 696
509 534
646 215
690 885
547 622
365 568
40 696
256 405
241 105
367 537
445 895
906 499
319 666
530 455
90 382
611 860
721 432
687 751
209 612
230 846
526 811
146 727
412 415
787 189
611 385
45 798
377 379
998 951
602 324
227 583
240 13
972 342
866 305
207 507
136 344
122 33
776 396
382 631
734 177
992 647
832 368
740 601
572 114
265 901
829 157
676 304
737 806
700 430
331 533
979 225
486 802
945 273
526 278
729 394
359 67
617 339
398 645
628 696
702 366
503 928
709 570
14 981
163 445
537 360
763 91
741 968
743 46
176 816
487 451
534 15
568 979
137 939
390 279
659 810
917 494
119 714
64 628
289 849
716 920
805 697
344 600
846 47
327 489
543 501
855 295
747 614
819 885
803 344
898 636
959 325
803 297
716 638
989 686
856 841
102 585
795 521
177 614
768 15
309 161
15 499
294 142
26 984
647 654
721 363
800 783
177 832
397 655
569 70
164 878
38 131
864 646
710 818
668 270
284 7
465 287
195 612
142 925
545 321
169 833
148 944
229 653
947 878
469 254
865 713
645 155
729 357
344 72
182 888
131 170
79 736
360 722
736 713
978 122
847 751
283 404
356 870
487 204
566 977
253 243
532 865
602 910
861 123
377 226
490 323
328 442
681 506
57 59
421 703
960 175
580 648
818 5
747 105
175 384
602 924
452 795
1 485
366 705
426 890
649 741
615 950
186 802
784 633
323 526
510 96
603 967
672 229
314 70
724 909
23 260
410 469
283 833
177 454
822 278
702 872
809 873
768 894
546 492
401 859
996 412
444 811
430 754
419 534
59 708
43 187
65 647
449 736
718 150
142 573
352 929
863 989
21 640
461 377
815 798
357 312
674 106
488 425
34 781
255 877
682 929
630 875
425 408
423 189
280 437
402 992
449 258
88 638
381 531
185 504
424 576
651 759
499 793
34 751
630 565
542 367
527 473
240 375
483 790
85 113
929 747
624 717
532 432
203 736
947 1
499 851
190 724
529 350
948 494
535 704
757 976
636 979
216 30
507 545
914 291
883 870
389 723
535 338
744 550
771 455
758 85
226 378
689 626
486 808
514 383
992 941
274 932
468 110
461 614
101 719
282 427
416 407
148 528
337 425
604 361
850 831
673 592
45 9
597 556
709 34
239 311
149 27
832 659
827 424
258 613
903 23
860 208
37 967
228 794
584 50
916 81
720 434
516 907
211 332
211 925
474 41
42 341
941 531
121 904
623 871
916 439
668 592
264 693
90 142
191 90
230 350
579 164
527 396
786 886
734 576
865 791
238 787
539 594
726 36
312 768
848 850
874 990
947 934
552 860
900 16
829 406
957 193
840 977
182 800
39 981
297 142
62 398
321 784
568 271
715 480
900 310
597 908
108 207
537 625
240 863
519 833
226 286
335 96
415 472
334 301
182 509
364 496
718 547
186 39
886 277
745 647
76 252
642 447
865 46
742 372
463 381
965 27
354 506
48 223
440 601
332 543
496 631
408 247
138 394
85 945
954 78
292 553
778 277
584 223
488 180
407 757
219 36
57 321
699 254
607 921
538 688
794 550
464 205
507 353
793 486
959 433
67 9
177 633
930 153
180 296
233 674
682 889
227 201
816 751
798 787
692 306
51 426
289 353
881 463
683 144
725 694
217 967
237 508
114 329
795 936
156 107
28 57
418 534
187 784
559 378
915 499
393 509
255 377
921 739
773 770
136 345
123 731
400 350
421 440
895 271
724 327
544 165
231 337
303 836
911 517
880 77
473 553
836 680
412 604
508 809
288 594
73 220
36 976
936 94
679 702
205 967
97 198
146 458
186 779
2 829
503 931
804 44
554 695
6 538
227 805
980 365
874 168
106 62
894 175
254 78
510 212
77 495
222 744
98 970
671 941
702 845
470 18
318 634
779 452
551 600
399 415
422 532
115 34
741 314
758 712
564 741
147 479
778 135
705 922
94 831
497 823
484 11
11 397
859 65
531 223
63 113
467 856
450 22
964 27
824 279
697 15
327 316
275 97
220 350
962 253
302 650
548 850
735 464
873 409
905 75
800 151
278 332
155 22
144 755
293 478
852 579
730 355
772 396
991 24
602 53
460 464
362 915
161 533
933 159
527 779
776 214
838 276
506 229
783 445
951 559
529 403
783 546
538 483
903 729
649 522
559 11
27 874
452 757
163 378
383 415
828 120
940 610
805 112
527 606
131 285
76 920
421 527
240 990
211 471
672 579
33 971
965 66
857 585
401 769
309 558
827 161
184 925
918 216
814 921
391 56
966 692
111 743
463 220
326 678
789 214
148 194
224 952
152 133
290 47
717 340
629 952
135 532
745 155
104 813
46 592
506 897
894 308
290 414
932 593
402 580
63 183
101 64
157 174
693 268
731 201
720 358
4 551
722 268
116 515
445 595
691 871
488 426
954 715
260 344
959 175
63 506
556 681
561 709
88 669
623 387
312 869
97 721
62 177
155 497
156 942
393 420
715 153
381 997
956 645
958 335
834 297
305 573
674 670
930 756
443 683
374 385
32 834
469 499
787 978
934 807
863 199
810 760
678 623
283 371
751 943
255 23
826 466
139 481
412 827
885 922
325 502
989 43
334 380
923 494
537 295
554 655
296 659
280 824
372 166
305 219
219 829
457 992
612 828
116 163
917 729
617 642
409 837
543 174
391 941
842 533
951 149
864 37
497 524
321 253
188 743
48 18
567 421
992 334
820 209
885 514
863 310
335 737
584 51
241 400
498 1
996 256
445 518
708 156
746 363
730 884
582 765
968 801
627 484
322 311
800 618
266 282
51 544
472 523
953 60
609 930
5 255
544 623
843 887
356 133
912 899
195 257
414 573
255 913
649 420
905 50
134 428
564 273
713 813
952 115
915 105
739 813
557 740
268 581
215 544
972 221
365 194
372 175
83 958
503 485
711 192
822 356
294 768
960 300
621 211
731 959
454 58
169 442
832 278
136 269
682 97
732 223
883 837
995 883
689 524
999 811
363 13
295 928
780 300
909 144
932 247
770 246
790 253
405 337
210 779
396 436
89 958
127 850
331 841
985 48
7 274
407 532
376 78
763 842
210 209
624 404
219 1000
142 31
664 523
648 155
978 407
923 570
836 777
853 777
234 167
292 987
488 806
859 809
183 275
958 655
595 851
561 103
724 565
722 91
232 299
413 234
34 225
148 105
902 757
149 272
121 841
837 643
869 622
399 344
592 714
39 193
315 633
686 600
376 633
360 30
397 903
933 725
536 1
644 111
281 682
858 180
824 380
122 404
811 22
975 811
579 242
742 610
506 266
752 750
659 170
327 488
56 452
80 314
264 49
527 16
108 360
182 995
716 111
424 311
901 203
431 28
45 343
151 173
725 120
377 490
400 351
904 863
377 91
433 281
161 874
787 522
22 958
645 488
671 616
178 47
272 40
623 895
844 632
166 596
478 458
10 756
325 61
642 273
770 218
308 781
207 57
456 549
800 276
909 773
841 87
628 297
44 362
541 986
581 157
158 742
474 571
861 445
954 257
901 774
205 697
757 380
775 877
153 486
10 441
860 123
736 73
20 882
702 882
234 298
185 806
811 950
560 246
765 163
512 329
733 901
850 764
388 540
510 652
546 168
494 17
287 602
788 93
241 344
794 128
481 874
545 352
177 612
74 776
43 127
964 397
12 818
489 684
367 974
812 713
725 728
119 185
603 309
33 81
872 243
679 693
786 191
273 784
61 849
62 154
526 773
599 465
126 809
765 325
833 105
801 395
190 700
436 410
790 633
713 12
352 597
725 28
653 783
784 578
621 155
288 401
398 986
402 489
463 240
982 532
165 838
687 193
793 726
775 546
700 35
793 839
45 914
415 32
914 641
420 330
663 286
872 855
524 64
980 386
535 113
529 990
337 753
440 931
166 941
53 234
690 299
968 473
641 341
977 285
614 74
673 612
581 915
674 279
362 859
916 200
989 494
159 840
7 137
727 286
715 638
968 183
868 33
898 606
974 493
834 576
543 376
434 700
411 558
873 143
397 975
237 784
256 305
685 552
834 866
834 42
967 962
417 453
539 731
463 739
801 196
588 132
864 676
494 483
132 162
631 230
647 637
227 228
119 50
981 979
907 976
433 869
531 28
713 897
346 730
130 927
22 657
518 746
121 464
189 160
981 68
28 868
838 967
492 23
882 651
479 299
729 4
378 90
235 831
491 457
308 641
37 77
909 393
14 343
843 141
185 627
524 544
918 296
406 124
637 794
660 676
904 629
210 804
264 200
966 503
720 985
666 467
854 189
953 677
182 305
809 457
188 898
871 191
749 799
681 519
524 251
429 377
805 750
510 380
557 125
962 719
444 858
376 896
881 997
807 501
789 90
122 318
116 834
245 866
854 560
413 182
34 77
935 729
471 337
920 901
115 315
807 883
587 949
55 903
994 913
132 352
741 164
502 760
198 737
473 486
436 30
554 345
937 599
241 66
744 103
388 649
520 344
39 352
132 134
145 671
263 856
877 70
237 423
166 109
313 559
317 15
9 806
1000 687
73 602
160 760
347 792
61 10
47 75
711 80
143 548
535 742
796 242
908 916
574 921
144 873
951 534
457 502
279 149
563 22
52 529
442 501
616 17
654 498
89 524
202 277
940 555
248 171
583 457
997 551
908 472
949 644
421 855
940 841
818 301
325 777
291 439
429 805
393 619
619 283
675 29
586 928
955 253
333 129
837 753
250 957
57 327
441 224
59 657
812 49
760 770
16 684
683 292
115 358
741 486
691 817
492 516
185 84
539 869
1000 473
284 280
690 823
871 644
532 54
811 9
941 902
891 295
656 890
768 324
669 28
651 561
527 482
881 94
57 876
434 382
625 81
143 282
96 949
133 336
134 683
304 862
658 49
342 974
105 954
455 762
888 987
175 139
648 325
888 586
444 248
840 685
359 495
948 568
588 743
774 864
904 702
504 194
748 477
785 365
453 247
291 228
933 317
115 1000
296 846
225 120
478 602
344 602
128 519
917 265
137 863
410 333
54 820
137 936
324 26
567 206
271 573
642 163
681 607
742 112
784 336
932 680
257 496
341 235
993 974
410 670
470 774
73 632
325 444
707 249
873 1
841 611
996 217
981 807
891 485
138 183
68 692
532 91
209 266
927 538
935 63
61 654
855 868
358 772
17 744
345 235
973 473
955 818
172 696
226 854
15 146
810 54
773 66
646 464
995 206
428 993
217 82
532 415
716 140
403 338
904 30
812 895
227 425
374 8
322 495
89 392
217 195
735 1
174 787
196 847
866 397
187 644
200 183
501 44
18 662
382 729
686 206
671 591
284 707
503 867
588 523
560 760
387 356
598 596
927 358
947 348
996 595
418 658
664 678
737 944
115 964
253 187
148 494
775 707
72 128
804 209
609 111
194 751
582 346
287 906
742 28
210 133
608 16
681 964
573 750
100 340
210 276
175 950
750 746
186 17
552 567
699 824
681 853
100 315
565 735
12 753
622 416
773 482
920 938
775 276
726 450
458 209
199 454
717 5
764 582
78 449
752 728
125 954
744 12
906 295
636 42
229 972
468 660
933 974
424 722
170 506
723 586
285 987
364 948
181 666
421 139
612 146
649 104
929 520
598 69
98 251
740 318
200 242
431 215
89 484
680 705
109 793
169 92
889 333
247 911
605 537
481 451
815 34
691 112
430 4
455 595
353 9
170 961
113 384
552 185
936 24
311 176
731 990
791 138
297 450
648 21
620 216
258 431
617 614
118 725
174 235
50 781
624 362
241 842
154 799
935 605
591 15
673 662
858 666
254 791
557 124
794 350
211 576
286 18
306 852
241 517
257 312
557 141
579 365
11 233
621 986
470 846
185 206
556 75
375 839
582 755
821 345
114 239
977 171
124 52
199 426
741 163
593 866
673 67
985 721
938 133
221 799
722 528
246 754
865 340
123 101
251 40
497 424
407 287
209 636
800 953
484 690
322 309
176 404
740 956
612 182
668 224
27 232
827 420
467 481
342 481
986 975
865 758
193 177
1000 575
654 38
269 524
218 740
973 852
758 490
597 24
943 12
586 267
905 740
974 690
496 349
887 675
943 253
710 152
911 595
701 955
409 235
193 588
430 147
947 359
542 430
398 685
330 303
900 599
226 396
653 137
822 512
220 210
352 90
794 97
633 63
814 100
176 776
598 783
272 379
659 142
729 400
612 393
707 593
928 898
939 171
477 479
867 843
124 660
451 188
785 260
436 520
738 740
78 125
633 394
910 816
358 733
76 614
201 736
388 570
206 801
358 684
876 937
436 814
989 582
441 80
410 358
544 943
29 154
824 399
95 696
849 76
299 431
119 294
51 574
876 501
39 33
976 73
761 933
228 494
122 617
748 741
341 186
235 587
397 753
972 108
701 426
42 249
243 664
942 940
751 752
437 632
184 130
890 340
375 284
986 931
184 473
682 440
584 858
640 988
553 429
183 638
900 390
922 762
586 223
143 936
607 247
409 342
349 52
577 337
376 398
66 726
554 547
258 709
888 297
886 372
970 706
28 670
451 493
586 144
611 575
266 954
33 925
862 652
314 942
401 994
736 105
880 667
801 451
827 100
223 791
906 882
841 768
647 198
25 851
686 408
524 275
879 425
256 9
366 212
901 695
3 772
688 12
67 89
177 521
950 396
54 369
863 997
204 902
561 867
78 109
46 789
217 661
109 351
953 9
203 998
220 536
975 920
607 495
216 603
109 496
343 444
659 200
364 706
422 38
108 319
215 629
553 606
882 786
956 525
369 173
497 368
596 740
445 240
356 445
929 707
624 677
520 480
518 671
425 124
354 74
658 18
198 347
454 241
263 287
23 388
133 452
32 825
472 432
805 82
662 528
547 912
903 837
562 329
230 731
175 174
768 963
307 286
848 714
245 54
438 935
754 796
831 948
192 221
531 538
124 792
340 333
469 687
778 865
205 633
957 714
944 348
823 834
145 570
838 433
206 349
72 720
144 382
241 830
811 758
59 909
847 220
6 916
466 137
881 878
110 552
312 61
996 310
771 568
578 774
889 468
980 610
621 868
987 326
720 571
542 772
232 219
858 473
988 804
590 16
632 262
116 927
707 212
637 11
177 565
17 792
146 700
826 170
42 379
332 151
461 373
406 869
833 527
831 12
360 231
762 144
237 159
591 652
156 139
322 191
311 809
167 261
778 762
66 184
928 195
765 634
772 476
460 352
726 911
769 344
910 70
643 585
402 297
187 965
402 867
498 702
541 314
504 575
419 835
231 436
623 610
865 602
212 913
61 85
943 107
236 413
754 606
807 552
313 860
922 818
649 986
134 914
835 803
217 504
36 900
719 385
23 142
266 641
14 631
446 605
728 196
838 160
1 453
756 610
836 897
606 912
253 881
549 292
550 583
475 315
516 563
404 885
371 250
387 609
941 58
870 224
124 514
110 597
991 864
405 141
107 613
440 560
718 135
332 582
851 290
323 425
580 523
747 405
346 294
220 307
831 509
335 738
381 352
498 60
134 246
512 418
824 500
987 64
879 948
989 658
811 158
447 603
371 679
63 37
29 117
555 149
494 163
521 261
863 723
803 861
78 589
651 535
247 46
492 330
164 674
583 865
849 625
666 863
829 289
497 312
544 447
374 198
998 908
36 587
109 875
184 318
792 701
338 655
946 334
529 318
435 239
629 136
894 836
549 900
918 542
790 406
204 615
5 594
300 614
763 496
949 566
657 35
382 830
847 336
832 55
278 761
115 526
634 510
701 864
585 210
869 522
688 376
95 12
427 523
269 528
521 907
775 778
466 190
909 960
343 260
552 323
572 798
225 429
870 31
908 312
656 289
440 716
774 337
187 33
780 962
989 468
998 198
186 419
171 445
421 419
797 641
86 712
38 559
581 592
655 916
470 218
952 325
682 978
241 258
635 990
925 665
188 273
696 842
281 346
324 922
273 664
311 992
374 76
67 490
946 641
322 231
470 279
540 27
403 346
422 138
186 825
284 222
861 724
164 420
882 721
249 308
338 568
529 282
69 481
584 859
491 403
273 228
628 880
496 491
204 564
210 569
257 616
316 461
814 308
619 812
781 21
16 401
274 601
663 17
874 739
64 397
567 949
236 651
614 496
425 620
107 208
571 303
573 373
25 391
615 30
376 109
949 742
586 224
220 38
214 716
404 728
497 632
663 725
232 507
997 778
50 564
180 635
933 501
436 749
636 226
685 910
79 387
245 951
980 702
655 714
15 683
542 184
46 939
212 125
452 390
674 32
55 555
519 152
522 140
820 937
533 268
403 43
834 797
467 860
915 196
310 526
294 131
798 883
657 653
307 820
898 957
42 75
596 886
322 203
878 428
181 644
784 832
412 504
674 519
201 635
402 194
776 75
697 207
174 49
984 238
326 429
364 112
681 178
511 995
937 216
244 558
208 524
890 216
874 677
130 78
93 479
496 279
499 920
501 42
356 867
362 480
127 160
719 428
667 1
795 500
88 368
453 88
164 13
545 387
480 234
776 391
727 870
28 588
837 226
688 605
291 190
439 10
991 617
723 135
120 944
339 142
692 650
847 46
120 31
766 442
34 467
624 479
43 903
55 75
862 617
23 553
63 588
268 157
48 155
343 460
932 686
387 802
139 350
569 568
287 773
20 896
917 126
777 523
340 881
232 245
379 358
859 48
452 506
954 868
439 748
890 870
546 58
195 408
631 477
81 289
579 62
897 769
769 199
712 413
270 277
678 694
551 188
555 57
463 748
526 970
177 871
809 694
748 957
964 642
597 997
432 435
271 282
95 38
632 818
503 285
948 190
416 775
682 494
867 38
123 278
649 81
821 985
326 393
504 943
50 455
819 366
141 28
895 877
127 247
109 936
457 479
714 370
300 643
905 551
924 325
49 645
636 607
505 459
883 794
22 208
835 440
639 249
396 61
434 840
573 219
421 606
336 838
297 448
545 187
853 699
126 151
736 423
738 269
921 283
926 516
974 784
16 790
20 838
907 198
893 817
641 438
551 655
400 516
684 272
812 185
210 359
663 27
360 264
827 284
244 303
498 426
30 629
814 522
160 559
33 279
916 94
702 619
974 460
579 508
732 262
401 612
630 985
24 253
116 611
807 165
185 430
374 101
940 458
962 142
985 727
638 571
587 519
117 327
882 121
194 87
911 104
477 548
313 451
363 453
489 770
553 661
367 737
423 531
563 460
661 913
611 504
705 99
174 734
467 336
880 471
352 528
938 763
499 931
444 96
725 209
467 193
782 904
218 661
476 433
224 474
226 168
779 898
490 373
550 311
74 116
518 785
705 318
45 821
121 55
156 626
586 491
14 592
296 853
153 236
995 597
300 241
69 64
343 545
964 249
560 529
871 79
989 128
930 943
46 323
43 741
718 369
497 595
405 160
137 514
187 726
298 535
104 730
510 494
318 701
870 382
307 652
399 164
203 623
424 848
392 398
78 332
53 33
474 22
475 883
630 805
748 77
707 60
809 140
319 930
67 157
324 628
588 489
471 743
937 551
539 791
88 571
143 65
147 898
129 659
526 898
341 184
787 82
274 3
208 771
118 222
256 649
369 784
867 17
337 166
722 788
502 20
400 452
588 618
170 722
905 413
728 280
565 491
587 111
697 547
900 384
66 562
621 938
783 469
640 845
130 279
131 82
67 848
250 326
777 145
606 59
809 219
645 613
975 226
583 504
122 380
340 299
785 354
533 547
135 808
357 616
382 53
774 641
849 689
44 358
101 403
124 980
141 488
514 66
64 731
943 727
660 479
390 408
854 925
68 2
911 33
290 4
664 777
383 907
722 3
929 443
894 285
379 835
237 518
989 567
556 126
315 552
673 958
600 842
656 556
342 323
313 63
157 118
730 521
95 670
522 28
946 832
275 967
492 506
54 401
238 242
78 539
6 276
119 181
47 968
820 200
752 526
316 575
977 915
155 379
29 350
341 92
235 553
442 901
995 243
786 202
369 828
851 212
445 127
643 508
348 622
735 2
188 455
925 347
468 55
1 684
516 5
867 788
682 301
465 863
946 230
4 127
919 57
474 854
124 206
165 723
330 775
687 178
908 189
106 893
16 13
537 733
168 344
103 152
197 211
644 534
666 106
942 215
727 583
326 520
962 884
618 242
896 362
326 667
334 182
689 101
393 672
376 872
72 97
660 354
440 645
975 683
854 552
103 604
125 228
690 920
251 690
772 922
976 245
637 250
105 281
323 366
398 348
181 84
293 522
111 279
503 73
39 491
960 904
812 681
851 821
191 316
473 63
646 288
351 58
299 663
906 437
482 214
783 73
569 213
536 906
479 390
407 357
134 743
999 719
798 526
507 985
522 792
666 1000
459 858
837 448
526 148
674 667
553 346
79 706
465 810
905 469
504 944
50 452
938 626
93 290
790 392
866 98
524 732
504 799
497 541
421 716
297 438
726 585
175 317
454 333
147 261
468 111
365 582
598 631
158 512
469 833
628 766
900 525
879 559
1 372
699 413
899 335
92 79
372 163
10 490
887 796
68 164
569 889
197 856
969 183
805 537
384 235
239 317
561 493
430 566
604 389
971 906
842 542
440 562
112 831
120 282
998 149
160 689
882 434
52 560
959 266
855 485
87 95
659 582
375 837
328 886
419 513
405 990
210 390
358 534
586 765
126 470
863 575
494 54
846 779
519 227
946 953
375 241
391 620
765 329
254 625
845 497
267 998
389 91
962 143
302 852
756 931
830 494
679 621
166 22
177 959
62 199
526 854
494 866
949 341
809 802
520 299
578 97
265 688
479 883
769 864
544 32
220 324
514 648
257 657
23 462
616 466
61 569
947 74
987 905
364 200
37 254
648 429
440 124
175 352
568 644
507 688
594 636
901 401
524 855
804 423
643 99
774 779
130 197
82 202
745 538
145 668
141 451
719 42
761 41
766 499
793 93
331 938
211 752
793 206
851 448
46 546
436 698
863 893
534 311
264 619
509 307
484 142
87 99
590 414
346 171
368 943
259 784
996 289
565 788
507 468
328 737
38 956
919 797
721 126
445 918
946 861
449 339
915 170
147 20
789 717
204 483
833 501
906 363
358 796
287 41
200 650
612 119
498 915
669 24
119 65
817 781
165 361
152 604
230 833
824 908
618 819
255 662
130 579
352 991
829 323
423 566
981 120
967 53
844 256
57 594
919 310
833 49
929 518
640 991
715 53
623 676
349 347
300 693
377 94
892 651
680 811
992 525
574 459
814 314
227 764
356 984
641 896
415 277
418 539
903 512
779 574
528 382
602 899
309 931
554 558
850 393
121 323
379 931
462 242
525 496
244 430
210 10
141 632
58 438
872 542
251 587
693 528
513 138
236 841
613 533
388 650
465 105
525 547
131 805
915 635
86 438
989 543
523 78
45 510
485 247
656 557
768 919
845 87
756 342
578 626
890 832
34 992
49 989
665 642
794 806
744 133
726 277
982 131
929 117
233 640
587 625
803 524
792 315
242 206
939 188
668 406
372 893
34 706
609 862
557 662
27 439
725 340
545 54
947 710
935 1000
136 29
504 695
394 861
895 533
877 10
933 776
660 592
908 634
322 491
216 154
658 17
934 162
565 451
653 778
909 352
14 379
292 358
724 353
198 142
965 665
142 378
625 300
773 514
188 38
743 2
763 442
891 609
361 558
880 254
865 142
201 6
866 784
409 81
966 148
969 494
118 959
13 367
179 635
382 86
679 958
918 210
334 405
318 830
304 152
15 890
343 345
332 718
690 292
453 410
827 389
646 699
24 342
417 313
237 600
737 368
826 154
793 134
171 374
544 780
11 193
846 217
677 53
498 23
261 265
120 477
381 472
341 571
812 129
935 505
422 276
389 469
601 751
466 712
33 107
380 134
839 815
242 99
632 487
778 391
686 772
644 492
772 697
613 961
464 312
686 887
892 152
547 559
414 602
454 935
56 18
555 72
367 606
82 794
670 427
448 379
817 934
3 132
925 108
611 478
938 882
377 308
70 881
986 614
36 673
697 745
888 788
296 206
813 919
740 649
887 298
28 285
554 595
687 115
602 601
839 852
550 265
248 293
486 803
123 999
89 571
54 551
683 454
753 620
993 477
22 65
631 583
83 85
563 991
123 852
258 427
536 154
463 358
637 631
287 52
309 524
280 830
392 856
814 959
192 474
619 421
983 988
20 832
542 746
115 194
421 783
867 851
779 692
366 638
644 608
340 945
806 974
681 923
276 409
24 434
522 401
280 988
279 790
157 362
124 739
863 792
621 982
638 972
289 899
590 115
4 626
702 617
800 820
724 765
416 266
203 978
87 188
561 695
627 411
441 794
830 284
850 582
7 543
855 187
566 266
74 988
825 124
789 537
901 63
82 153
689 135
913 612
316 992
243 640
320 483
670 391
939 283
881 6
539 472
99 65
14 26
745 552
347 799
649 793
41 673
218 736
647 577
672 453
947 77
420 203
757 814
835 768
31 979
303 798
162 926
622 568
498 575
205 988
979 205
373 166
780 298
853 748
395 780
89 535
715 711
143 886
457 219
575 851
169 765
89 896
40 348
352 94
813 447
463 378
516 662
824 1000
624 394
866 560
435 18
428 114
712 829
645 262
73 357
664 896
612 990
712 908
237 655
789 8
257 495
665 26
261 431
300 459
998 182
964 98
766 210
162 36
181 376
978 238
119 540
634 800
747 515
507 358
180 640
223 852
739 691
901 736
115 365
150 700
764 838
677 841
81 187
730 965
54 395
238 212
756 529
243 638
946 813
492 295
682 762
243 955
263 810
13 595
621 510
507 162
825 265
709 875
412 952
32 51
565 215
127 474
94 273
957 141
649 164
354 162
598 129
856 288
138 675
696 137
330 907
113 265
4 200
633 562
632 987
874 844
38 347
131 199
796 211
853 430
286 865
412 548
495 693
89 706
734 242
662 895
365 661
116 301
244 794
101 703
106 775
245 368
961 551
727 716
653 169
620 796
606 859
460 472
10 952
68 366
486 213
841 42
366 527
756 147
564 617
279 632
988 764
148 309
3 618
150 399
483 702
600 558
555 530
560 236
357 42
513 58
860 36
719 732
775 158
155 977
870 280
252 199
717 395
474 608
349 775
228 168
341 919
829 899
437 484
60 865
337 848
316 511
161 96
693 211
915 201
708 200
855 867
267 762
987 429
713 798
751 818
203 248
375 478
485 650
659 61
56 486
41 374
673 234
299 570
86 262
804 981
71 86
273 923
716 137
592 135
390 605
303 3
325 967
142 135
553 380
863 91
4 172
374 748
725 38
504 918
467 266
257 728
994 9
580 978
623 808
292 502
540 268
912 171
747 89
913 902
715 318
878 862
97 251
23 215
10 658
562 423
746 664
161 500
7 539
949 195
496 583
426 866
73 122
634 309
375 125
466 99
141 441
884 957
962 963
597 528
84 709
11 793
906 650
889 978
81 748
254 252
220 436
686 329
871 887
934 696
953 478
789 64
242 815
525 442
46 603
927 822
236 104
838 949
257 320
592 106
559 795
91 175
627 17
366 103
993 719
426 216
843 833
507 415
327 648
919 836
99 761
851 838
959 784
103 909
950 654
754 7
592 950
204 36
276 937
795 587
622 118
878 476
40 632
259 662
599 750
373 540
834 30
851 932
164 537
946 471
104 398
568 29
701 351
977 671
584 775
434 146
363 248
607 21
165 2
147 523
39 553
959 616
841 469
969 744
142 274
951 520
183 674
943 228
467 151
142 445
459 523
283 761
377 134
732 520
879 843
607 344
296 892
336 825
117 204
120 864
67 955
287 166
767 818
754 911
884 866
373 483
398 179
395 193
804 99
471 312
571 360
73 24
595 94
867 709
279 563
127 645
612 827
237 702
334 97
158 947
451 199
508 300
401 942
733 805
707 918
886 641
151 978
73 682
627 207
243 214
542 868
798 242
391 840
30 24
582 613
450 428
90 815
698 46
602 337
979 571
87 206
955 719
313 117
6 432
941 523
848 413
995 478
535 421
318 113
483 745
755 510
333 684
136 248
372 950
781 728
583 716
416 88
290 609
190 926
469 205
588 53
455 494
977 618
796 42
193 27
723 10
446 244
770 653
769 870
57 564
705 96
535 761
173 714
725 109
654 43
749 407
571 859
143 546
936 332
937 21
671 367
832 365
795 147
961 143
890 31
550 475
58 802
539 150
334 534
511 76
945 403
165 792
774 894
945 492
908 240
819 311
674 437
736 471
849 840
9 452
460 987
466 408
672 531
433 33
736 326
700 225
538 196
444 423
984 660
144 299
897 867
590 656
41 693
704 275
634 93
376 196
379 743
89 348
367 398
334 125
598 994
547 76
604 107
162 434
46 744
119 622
489 389
771 645
150 706
29 819
102 715
270 519
661 190
646 930
759 559
856 886
599 902
285 90
27 914
91 151
110 177
4 742
132 435
902 203
925 106
531 783
260 578
664 412
100 222
527 379
747 945
273 668
40 673
852 704
66 77
947 748
671 458
553 613
536 853
155 257
393 404
861 703
221 512
352 977
194 129
464 559
530 222
491 262
626 375
511 971
916 919
60 369
633 561
355 804
452 823
50 511
312 514
695 527
182 695
364 302
939 828
488 451
748 68
255 212
611 836
405 269
353 52
211 82
840 546
53 983
22 14
850 391
567 806
382 56
149 889
477 284
119 959
260 497
231 781
896 530
415 218
110 678
220 205
594 787
666 132
427 760
727 557
380 696
846 389
759 892
616 437
485 19
430 620
926 396
654 959
551 545
659 205
96 461
104 840
216 770
983 90
380 13
422 750
959 909
924 612
746 426
12 858
91 243
972 856
21 740
351 301
744 135
707 29
856 961
708 569
150 190
507 99
894 589
552 782
972 943
9 53
434 498
360 799
323 405
882 956
198 434
865 855
493 878
611 343
942 973
66 192
263 926
378 222
765 962
677 416
865 704
4 30
980 422
890 373
933 135
958 298
342 607
753 868
572 440
592 422
701 28
649 929
620 460
587 157
199 723
148 807
990 234
565 193
961 992
661 691
504 885
433 143
417 770
40 503
171 799
11 694
504 228
151 773
537 674
44 438
287 82
658 610
111 638
4 55
281 13
45 28
600 493
588 67
931 71
384 258
910 82
7 480
263 122
266 810
193 986
769 145
561 87
319 291
765 239
196 190
508 376
370 377
354 850
140 549
197 532
932 601
428 218
719 691
263 425
566 2
657 830
445 494
132 484
261 152
638 688
459 275
226 634
412 139
418 64
142 804
479 237
730 45
920 130
919 549
634 122
616 76
51 283
913 404
640 716
694 563
790 818
739 134
132 56
316 845
407 358
155 457
109 130
577 208
630 342
388 337
961 49
690 532
50 368
53 587
420 834
147 522
60 313
79 719
465 815
249 240
156 836
675 605
583 188
984 68
205 822
888 648
943 852
984 411
178 494
576 37
509 502
603 796
840 634
642 464
435 594
883 572
258 425
888 358
742 321
245 311
943 938
935 970
202 730
791 358
513 470
269 632
608 980
591 21
991 879
634 552
108 868
49 214
512 746
286 133
180 904
73 728
680 432
538 818
650 680
813 140
305 445
183 436
276 10
669 461
998 283
317 875
732 403
219 64
96 501
63 211
104 896
690 955
251 851
54 306
229 776
727 25
252 127
845 494
875 164
589 668
354 442
393 238
588 167
365 218
709 885
88 833
820 50
380 505
757 665
937 739
844 921
506 67
914 90
222 415
350 80
501 204
467 51
145 40
80 515
616 469
688 283
748 210
880 90
165 950
739 273
597 915
231 181
153 797
681 424
849 830
234 733
149 755
576 1
461 513
482 636
490 19
326 949
794 894
690 392
604 326
54 803
719 55
520 727
25 95
153 18
229 263
376 197
253 129
202 577
791 507
525 683
240 513
250 853
769 217
533 160
366 851
344 597
963 287
176 251
985 891
512 357
290 111
480 577
232 162
983 177
825 851
829 636
129 836
424 852
975 541
688 245
962 460
820 978
52 324
380 89
398 360
458 703
498 172
392 257
240 635
142 877
55 992
901 384
190 89
712 203
433 964
436 249
957 568
220 848
540 759
191 369
605 919
731 324
643 742
934 475
661 625
921 968
812 515
209 594
339 607
398 164
61 950
191 599
964 853
568 470
531 202
454 143
915 363
813 844
61 39
320 239
654 4
179 164
752 162
239 988
647 956
277 767
169 414
188 430
886 61
979 397
356 884
514 538
531 56
300 583
5 454
605 460
589 967
787 643
830 50
496 718
101 701
746 674
84 973
122 376
395 810
748 468
306 323
879 898
865 208
193 723
37 578
154 814
733 74
571 147
202 530
21 190
39 652
686 192
723 711
637 686
33 512
909 543
141 629
510 300
722 108
776 812
752 903
284 951
419 508
779 76
432 881
659 530
770 442
897 153
147 486
292 709
133 711
962 417
472 685
569 257
497 573
940 360
928 608
233 756
668 95
422 382
406 851
315 778
690 127
906 825
503 97
693 209
988 531
368 684
20 301
24 480
388 201
996 38
134 477
546 256
632 117
857 472
450 493
270 173
90 900
521 675
57 913
921 932
25 867
168 661
613 652
711 243
985 843
109 157
299 589
943 492
503 421
435 189
652 626
544 107
433 428
143 613
793 557
331 602
350 330
351 535
818 936
577 15
583 360
614 518
729 492
514 256
698 613
534 199
708 89
172 380
189 646
490 107
929 284
205 708
576 504
76 454
469 907
328 17
456 38
405 115
582 349
902 84
310 48
82 435
814 640
505 840
487 616
418 81
561 686
281 479
447 462
533 73
171 504
285 400
938 426
931 420
522 173
209 222
726 453
286 95
309 139
517 982
494 137
775 418
579 403
966 10
198 765
881 317
333 646
227 159
9 80
930 95
835 348
490 823
17 717
730 31
294 51
422 68
632 712
271 353
735 332
972 178
277 996
920 621
769 351
571 960
553 717
421 5
631 28
298 464
791 745
273 22
610 793
443 674
209 836
491 94
554 816
810 454
562 359
469 619
217 450
153 874
885 48
800 463
452 722
202 505
352 454
516 476
581 315
348 946
870 779
899 681
183 96
885 326
851 202
45 127
250 719
841 992
550 968
42 775
116 180
558 455
337 321
944 503
504 334
15 968
806 973
116 729
79 465
673 536
505 868
94 962
940 18
64 805
711 849
582 603
988 774
21 313
959 391
906 17
858 310
896 603
949 463
685 755
872 390
618 662
51 555
488 399
217 727
768 193
753 389
509 519
711 403
267 695
252 495
966 649
536 204
759 280
65 820
781 726
449 405
639 870
311 164
109 67
889 832
203 130
711 366
777 119
342 843
255 766
471 941
458 348
14 848
541 359
838 52
469 188
454 160
864 409
903 997
687 730
820 337
342 533
291 517
89 902
654 216
982 741
24 823
791 961
589 386
903 536
144 15
145 925
718 553
387 677
159 128
639 105
932 79
680 224
917 765
274 785
814 111
904 116
186 216
558 112
617 724
258 684
880 350
337 173
776 68
551 686
719 852
855 513
693 425
991 122
538 646
354 795
261 317
686 502
409 586
51 873
823 683
129 859
636 276
285 88
180 306
678 529
132 445
812 335
742 904
975 876
532 62
536 185
481 870
43 923
276 510
303 421
142 797
18 343
241 102
756 899
318 226
178 529
948 93
640 262
274 124
477 515
423 688
564 109
677 394
454 893
187 567
458 368
313 595
723 708
388 411
565 593
492 87
772 816
305 636
251 408
640 979
827 723
44 799
205 71
815 114
654 180
178 85
641 875
885 741
829 146
540 299
762 119
581 465
429 868
31 944
883 50
571 583
623 902
210 978
47 314
417 70
737 940
754 834
974 947
222 948
637 587
542 163
306 467
895 778
736 356
832 823
228 640
634 655
733 73
738 417
847 193
405 94
486 347
615 502
29 755
157 446
855 331
569 550
239 230
167 837
979 663
980 20
495 441
318 322
603 432
916 19
663 806
298 790
797 272
219 312
902 181
336 252
354 496
595 690
655 148
15 117
129 754
665 928
83 803
355 6
809 749
937 288
670 450
456 830
255 694
327 229
631 59
308 694
820 890
459 770
98 94
80 573
333 805
50 477
587 14
202 224
916 804
386 229
540 152
300 661
136 718
834 509
545 630
753 747
900 752
374 349
305 890
785 176
128 733
348 824
955 519
538 280
303 576
452 782
509 363
989 33
563 884
33 961
434 640
366 703
93 925
993 151
701 734
723 122
838 248
358 434
774 384
556 200
480 667
511 480
439 240
536 420
320 991
63 185
671 318
663 842
302 978
890 629
103 825
640 49
54 455
207 979
172 630
986 46
977 917
76 26
133 109
887 226
959 209
648 868
510 999
868 157
816 560
416 942
294 899
702 28
318 986
282 587
321 999
322 344
434 318
147 671
743 705
908 538
660 750
718 897
113 470
114 617
832 260
425 978
732 741
441 458
622 689
71 341
588 833
165 912
717 675
596 340
118 912
924 323
417 947
731 843
62 763
624 565
984 413
892 830
913 871
221 10
630 393
496 535
237 757
830 764
814 225
512 863
893 788
383 266
511 449
629 46
645 713
689 841
619 8
624 733
605 213
789 286
405 37
63 537
799 149
267 12
144 337
970 709
244 451
149 32
139 86
568 42
215 291
253 108
290 214
935 554
2 706
721 730
354 901
769 255
152 130
232 313
676 646
419 439
816 1
105 222
937 787
185 214
349 987
298 863
63 221
48 362
871 634
414 777
904 44
517 952
534 526
721 21
650 27
816 879
764 173
447 195
565 940
158 370
608 385
298 113
56 606
744 193
372 770
502 753
104 160
535 821
242 274
365 450
731 378
143 408
402 98
204 218
99 500
796 438
528 828
289 444
57 968
296 368
829 314
668 248
616 313
982 280
291 695
716 204
536 538
817 257
688 885
430 334
378 903
17 91
274 330
165 976
317 232
672 473
835 887
361 968
839 222
688 978
753 802
266 733
909 53
18 726
19 723
114 879
170 941
814 146
616 757
301 325
567 942
73 190
236 670
623 978
198 199
188 857
369 528
432 267
297 307
179 518
474 954
649 934
476 92
370 763
921 249
387 565
617 586
76 461
818 339
876 477
698 909
954 371
242 933
701 518
46 325
813 93
524 144
448 707
125 861
883 169
243 6
707 887
637 490
820 702
380 885
133 737
945 655
674 455
267 871
601 698
392 214
950 299
517 924
384 776
350 615
147 138
349 848
670 186
939 456
363 862
655 770
34 840
327 333
238 216
55 994
246 832
354 493
280 504
924 801
730 112
204 394
471 594
627 744
259 578
974 743
251 204
490 780
734 555
735 374
811 302
540 864
759 108
194 292
451 630
494 531
443 527
781 475
919 333
748 161
587 101
255 144
437 477
562 349
544 176
193 262
675 902
457 409
899 206
830 602
799 553
736 509
268 423
876 140
614 473
844 626
461 594
13 501
987 694
788 973
537 715
316 298
955 109
379 934
128 528
755 515
457 151
814 904
728 713
986 6
144 266
475 376
93 809
386 459
704 370
188 579
210 7
266 821
31 136
758 596
699 663
909 622
328 981
646 867
212 549
335 562
543 505
315 52
766 242
567 487
613 997
493 406
40 681
292 711
663 944
997 6
711 792
72 297
418 301
327 436
164 956
76 352
802 502
842 234
843 718
700 845
446 717
596 782
243 606
891 218
564 196
802 361
566 502
476 924
203 252
357 267
773 56
521 215
613 825
948 50
881 113
223 6
502 954
136 2
783 224
926 298
675 836
394 809
640 513
735 8
843 986
305 671
655 331
804 695
805 90
18 892
75 885
991 291
403 970
813 575
995 804
882 863
658 812
112 254
719 437
539 83
207 193
49 739
343 897
827 988
754 788
847 273
724 76
945 297
230 317
159 219
72 939
608 749
92 310
304 914
295 755
200 8
988 33
488 571
951 484
657 914
292 807
383 569
818 283
31 90
170 728
477 654
550 930
405 113
851 532
266 809
598 958
395 391
270 817
983 835
21 65
538 989
599 756
871 883
12 388
286 63
949 997
200 188
310 161
774 272
423 450
427 903
509 984
937 822
58 169
719 700
668 674
261 372
924 724
228 249
447 89
267 943
77 972
703 872
150 888
246 973
105 259
878 134
897 389
937 720
837 303
479 857
816 723
291 919
548 746
630 662
596 802
209 510
854 494
88 761
964 634
342 178
15 72
398 64
934 406
111 499
632 714
172 661
47 859
503 357
759 84
136 62
744 787
856 365
902 485
731 575
515 634
791 729
994 455
614 996
962 528
160 275
457 375
772 250
369 931
725 198
193 349
411 130
676 414
938 657
80 681
118 913
943 224
257 937
455 586
477 14
495 916
943 849
58 567
701 799
652 197
185 680
983 509
754 907
759 611
841 21
2 929
206 129
409 411
135 255
571 221
555 688
487 813
392 812
135 12
563 625
983 840
968 511
401 930
145 824
862 991
508 999
141 780
453 522
885 724
849 189
595 817
615 402
302 243
354 740
64 854
67 25
927 935
159 585
896 25
272 867
793 391
116 618
835 28
161 61
536 95
807 196
139 258
802 398
321 311
700 885
661 489
553 812
902 781
228 322
223 901
363 557
990 730
206 757
939 264
998 821
644 227
67 775
866 335
169 133
398 294
800 33
854 212
266 310
769 890
31 864
20 348
620 369
947 35
61 830
514 642
71 171
4 352
504 978
122 385
909 419
14 313
152 332
666 724
403 770
23 53
447 793
999 860
729 264
710 807
342 757
109 534
439 421
991 648
922 897
600 27
913 834
843 385
457 222
990 304
336 190
886 353
432 268
909 790
269 695
885 230
430 890
289 614
987 587
399 745
400 697
699 447
93 964
975 474
202 324
135 227
999 480
286 341
897 912
4 840
828 648
372 316
524 145
470 897
880 711
535 847
738 765
775 32
124 210
48 41
710 639
471 41
128 113
186 427
208 303
837 648
604 133
972 673
369 380
136 229
320 792
108 227
33 421
289 19
915 835
989 718
369 461
800 860
977 142
642 76
545 450
708 778
952 316
608 430
536 187
539 748
283 235
703 49
851 770
489 219
200 688
772 382
220 851
350 902
133 164
502 845
950 534
401 244
238 827
277 937
248 823
855 952
469 237
678 979
427 464
830 238
449 145
914 799
57 596
131 189
903 971
101 633
861 605
933 112
554 871
682 304
61 149
762 2
688 993
596 731
490 705
967 337
258 219
525 183
981 469
37 365
633 896
177 154
875 79
415 416
5 848
905 834
672 563
12 44
544 427
676 997
555 986
63 707
409 1000
92 113
292 915
495 884
611 695
650 525
965 347
390 256
592 130
876 593
128 831
257 93
456 859
694 205
371 47
883 132
262 194
357 85
381 335
954 985
908 638
385 418
744 493
634 833
345 422
204 351
884 393
383 913
843 624
953 16
306 702
795 757
834 789
137 483
363 727
865 575
190 120
159 529
422 95
596 894
282 706
445 150
561 725
401 208
274 94
312 853
868 330
446 288
329 566
197 605
723 738
621 255
331 369
725 848
407 60
28 311
356 644
209 954
717 701
204 592
244 933
202 570
672 258
529 399
583 212
415 358
629 310
978 413
956 961
207 113
905 749
67 962
538 521
857 548
823 267
865 241
142 589
653 200
965 54
953 662
92 422
58 370
993 149
745 468
432 419
148 359
336 527
290 176
951 133
99 800
816 136
711 985
840 30
414 113
975 688
997 936
840 109
405 963
834 599
484 76
621 637
807 842
396 778
661 242
954 876
992 970
99 623
237 773
143 173
426 84
707 509
236 257
960 911
812 672
137 104
415 264
200 712
934 407
989 984
919 545
596 658
194 506
35 930
903 894
735 329
963 562
17 492
571 965
716 170
781 482
17 125
148 693
106 535
783 485
515 795
992 604
22 889
169 475
830 896
801 654
783 522
625 450
93 57
226 271
300 522
49 270
175 314
692 592
642 317
515 57
168 172
367 944
889 38
857 512
107 417
550 749
754 904
314 781
775 648
443 99
559 273
620 865
324 166
913 647
71 667
719 95
520 575
225 303
228 602
709 21
893 856
179 714
932 308
629 846
393 628
936 606
371 995
392 700
559 996
873 421
820 676
860 165
402 525
68 600
68 976
427 433
609 732
424 892
524 419
836 477
402 815
411 519
428 607
76 169
43 944
794 792
155 538
657 700
911 195
840 273
208 896
285 772
401 271
668 331
65 186
528 830
493 818
725 391
907 838
269 353
973 761
382 581
300 712
818 781
486 743
287 466
71 315
273 128
599 593
370 900
403 773
500 263
796 884
908 798
467 995
732 634
953 899
550 303
383 458
446 800
258 103
518 777
447 873
92 328
678 451
145 244
978 361
61 451
771 204
81 618
270 972
785 408
967 130
45 96
362 996
399 537
145 906
59 972
853 810
489 511
788 367
67 470
522 572
868 652
67 103
696 629
822 245
237 939
594 364
280 220
66 309
548 589
401 568
649 274
815 741
203 395
568 505
108 559
702 361
483 213
57 941
855 853
12 913
734 926
274 232
522 525
743 980
469 123
161 314
884 940
866 481
422 131
715 204
339 720
503 477
914 186
933 238
222 127
295 219
557 990
437 864
191 817
126 618
746 543
49 709
88 157
72 546
365 655
780 452
374 743
804 450
59 157
690 806
776 611
279 400
376 7
175 611
841 67
92 451
737 18
442 254
371 268
10 474
905 978
943 622
785 388
269 555
805 585
318 916
673 763
194 278
984 996
929 307
571 4
154 972
52 390
81 370
620 591
201 978
12 654
52 437
555 310
544 965
872 434
998 438
270 407
642 762
996 253
246 534
191 179
986 73
694 782
555 212
504 893
946 715
18 182
664 380
441 709
664 74
469 31
473 84
825 303
455 28
721 398
18 88
806 1
481 722
465 531
139 820
654 117
164 49
472 11
350 44
355 374
763 341
691 496
710 316
87 791
863 214
762 39
734 65
539 85
425 661
944 899
639 204
508 834
18 540
202 449
59 328
226 499
667 137
671 705
672 737
602 878
898 127
370 686
261 813
528 480
177 22
529 825
362 26
839 540
68 328
894 244
760 248
710 666
90 563
789 217
405 224
968 84
567 84
698 165
456 254
76 593
125 624
673 993
638 987
253 423
181 186
797 320
964 311
229 761
45 185
307 637
860 407
147 228
313 204
422 414
552 867
933 610
593 389
63 489
412 55
434 475
36 231
626 71
165 345
76 100
260 99
134 588
726 42
72 873
473 176
971 145
277 992
630 438
646 427
425 130
14 1
478 50
377 317
911 674
669 620
303 914
170 416
632 860
20 694
559 77
174 933
32 974
537 615
365 710
519 851
163 252
412 921
59 340
611 899
867 493
61 446
339 196
987 752
932 87
720 981
205 361
41 562
685 265
323 728
398 995
148 405
186 192
884 927
975 448
79 191
120 68
581 89
818 317
124 532
879 676
715 911
295 390
430 931
945 902
327 806
435 996
737 292
133 633
336 379
997 824
713 307
767 576
551 535
110 445
404 460
977 390
426 388
814 531
266 45
108 806
919 896
196 617
703 825
708 129
125 881
627 499
423 198
85 483
949 10
971 462
42 470
910 240
730 923
198 733
368 744
48 986
32 447
238 797
412 686
223 203
142 39
915 485
761 609
482 66
355 208
121 766
946 501
368 37
464 968
435 249
38 310
352 553
192 962
445 272
504 980
286 780
896 960
127 146
843 165
573 20
589 990
973 939
652 276
67 780
156 587
89 536
430 446
92 329
553 233
365 827
295 804
336 795
100 268
316 257
175 590
178 286
550 526
507 729
414 285
362 82
286 851
228 639
11 979
124 863
547 229
456 98
222 649
261 519
135 114
871 804
158 913
439 920
668 966
25 892
408 116
872 697
284 991
253 510
600 108
383 879
444 993
858 359
275 373
149 404
315 628
138 135
376 646
837 519
986 451
901 378
170 244
281 693
985 649
103 834
20 278
536 62
333 761
371 570
432 662
665 734
207 773
99 388
946 695
433 840
765 583
551 460
644 306
863 334
42 236
448 267
455 456
46 249
957 134
320 373
530 216
182 879
330 946
421 473
188 308
857 899
392 315
370 844
717 663
131 204
406 470
726 687
179 216
808 232
433 239
905 614
600 74
948 524
491 171
679 684
830 552
28 610
237 183
69 154
343 623
680 49
787 759
628 655
59 156
850 385
813 267
932 111
228 652
634 651
373 421
598 806
802 730
110 680
81 998
860 894
637 681
124 604
487 754
509 22
951 163
510 337
702 895
722 105
650 666
98 847
814 873
907 57
234 287
989 413
849 362
67 437
877 999
879 434
556 119
133 706
426 348
355 590
391 654
136 106
198 1000
950 411
518 191
719 586
356 108
376 674
53 12
773 22
691 632
932 874
669 210
156 267
319 969
506 704
398 504
311 937
989 190
713 126
564 303
765 762
507 214
548 832
952 73
683 171
995 365
78 659
428 838
892 227
821 809
470 329
218 286
717 968
276 754
929 728
342 887
36 550
43 566
890 383
206 157
821 971
758 446
298 392
299 977
139 644
636 990
14 324
772 144
957 396
706 652
785 27
658 811
801 377
807 872
504 891
912 162
219 656
365 882
650 890
886 316
432 327
306 352
235 138
827 846
647 899
141 434
490 84
257 157
707 645
67 738
943 525
641 311
71 838
845 559
800 795
557 294
360 513
837 411
236 790
789 216
883 245
394 112
271 650
521 683
632 162
523 21
814 756
285 506
548 416
492 674
564 638
124 437
604 847
253 279
4 533
299 83
856 820
985 592
90 116
772 530
39 13
223 304
742 596
177 780
831 392
238 151
422 494
961 376
807 691
215 701
26 702
467 608
359 534
549 546
331 49
739 140
425 52
275 735
338 783
246 396
709 812
48 797
14 6
456 862
271 413
991 98
387 240
151 891
445 410
174 712
776 226
911 685
277 705
706 353
729 969
141 18
786 457
606 222
809 120
884 548
635 314
618 762
196 913
148 705
934 928
630 115
922 936
481 72
528 303
452 735
90 802
554 607
97 24
188 177
64 451
603 786
382 235
934 642
205 530
412 723
559 275
317 644
441 365
380 536
306 407
296 641
46 952
451 319
803 82
383 532
276 306
849 400
281 156
393 634
357 137
983 837
508 299
971 901
992 504
242 763
354 897
237 564
534 288
885 532
252 151
180 692
733 960
76 453
738 822
818 913
726 395
836 479
472 618
364 366
256 379
149 480
778 464
787 354
551 197
399 104
540 634
172 598
105 397
413 348
566 258
90 507
517 838
26 867
62 125
798 689
583 709
573 153
109 62
860 666
256 520
722 663
761 963
469 214
958 871
164 548
494 635
596 551
697 806
962 151
754 407
769 469
922 635
673 245
389 518
528 990
587 125
516 55
60 219
718 724
174 855
545 577
729 156
732 709
325 809
719 505
669 797
390 991
726 755
549 26
628 517
184 662
222 818
761 156
581 393
339 114
987 686
136 974
739 916
581 292
666 393
597 767
466 403
912 121
833 463
880 909
337 390
282 257
270 978
110 653
36 272
918 146
121 392
874 54
750 989
73 365
36 359
862 559
955 155
831 107
794 279
927 209
253 12
110 495
720 623
144 398
550 570
971 830
458 967
954 960
6 117
544 844
778 270
506 971
582 696
91 127
73 984
129 862
176 794
263 495
181 866
498 909
493 208
590 198
910 259
99 681
975 904
681 494
376 758
821 50
806 430
111 342
392 150
411 658
748 729
17 767
751 806
665 975
462 791
156 198
48 967
483 70
852 574
744 991
449 229
188 326
458 495
213 245
434 194
1 813
240 61
41 60
294 862
425 925
743 517
601 20
568 331
843 243
960 437
248 391
866 413
967 338
444 141
391 406
853 295
326 611
970 69
149 672
835 867
787 758
644 661
795 259
49 421
732 894
805 553
267 124
175 722
245 593
702 847
521 940
439 217
97 290
851 137
279 624
575 297
760 77
867 915
85 870
533 206
354 841
432 887
48 802
128 80
495 452
298 640
559 783
547 429
931 492
533 416
916 24
403 199
702 553
560 450
851 709
122 703
138 184
768 31
807 150
241 219
405 654
445 945
765 264
143 62
971 393
458 556
294 190
63 503
188 314
213 454
711 459
933 989
846 618
542 355
385 282
365 156
863 429
204 798
665 852
613 694
299 562
858 146
201 608
130 572
268 658
985 160
804 556
640 517
916 946
496 435
429 923
60 199
43 582
282 786
364 155
511 101
117 478
455 748
681 885
70 919
416 579
810 639
224 760
300 545
122 311
947 314
197 423
453 77
550 373
808 84
535 3
689 983
11 687
488 656
838 176
823 260
895 55
541 799
410 259
131 743
188 908
62 909
259 801
542 598
818 486
436 549
128 798
534 426
516 865
594 129
940 917
297 941
82 429
157 413
327 973
112 924
594 16
392 530
637 430
233 952
989 529
3 876
775 250
962 415
677 952
751 11
729 663
501 780
119 333
138 860
102 613
545 729
949 52
532 12
550 104
630 891
124 148
803 979
327 273
203 783
114 478
906 296
423 195
739 830
354 256
69 763
394 663
937 263
294 900
886 802
146 715
621 79
269 378
34 889
386 694
758 360
958 382
616 337
946 350
514 698
628 780
403 637
762 982
106 530
35 626
18 625
848 531
478 338
260 929
852 187
838 498
17 156
473 626
828 188
459 515
615 740
317 929
102 441
236 695
457 38
611 901
23 243
616 813
534 916
20 619
184 985
762 394
980 325
182 398
215 472
614 262
533 804
419 348
572 782
779 428
931 249
521 885
617 796
120 292
376 910
86 585
569 609
932 533
457 755
331 843
155 832
306 425
877 331
345 626
790 937
83 880
685 860
686 591
287 512
536 52
226 674
158 375
967 519
328 606
517 820
555 129
646 216
61 600
833 487
885 934
119 198
268 790
569 29
39 385
920 689
900 936
941 805
506 360
695 725
894 799
436 147
863 340
294 81
463 634
681 721
390 330
621 418
200 886
316 872
20 658
341 395
434 223
585 642
947 39
17 94
952 975
460 670
724 307
796 192
193 317
714 841
770 935
952 958
59 404
973 984
136 651
871 269
306 199
948 554
727 946
503 830
14 607
382 181
164 72
572 93
118 659
48 537
432 256
857 609
288 804
111 590
455 840
723 72
300 783
362 80
698 918
3 488
347 735
470 554
751 399
474 729
275 552
976 619
832 719
751 508
680 403
811 955
941 308
979 641
11 179
910 829
332 588
385 346
722 165
915 749
926 43
105 189
751 210
480 567
635 637
530 377
270 709
911 258
938 364
501 708
337 867
260 864
823 583
336 402
740 167
711 106
393 162
969 543
843 792
700 789
275 194
872 134
854 42
602 51
272 595
967 777
240 336
423 603
544 376
326 290
660 582
757 582
648 36
887 455
943 465
123 378
476 586
113 256
459 796
754 484
227 264
815 139
765 792
956 819
717 239
106 618
88 241
765 83
515 852
239 842
274 570
500 358
973 789
417 973
374 331
123 969
966 15
509 464
770 826
364 437
942 484
641 527
201 16
273 387
850 383
297 517
260 671
728 863
953 894
515 131
330 455
154 809
687 385
376 121
659 972
291 496
755 695
702 914
941 118
634 760
685 351
396 685
728 65
119 725
856 54
452 212
474 300
993 984
98 828
169 752
813 190
203 695
935 382
168 818
544 873
906 64
897 259
989 701
613 241
483 276
599 930
33 69
74 827
510 787
848 462
260 340
436 53
203 866
831 169
82 925
858 10
587 760
200 720
318 60
830 428
838 971
867 445
859 492
329 681
146 17
682 111
757 681
706 121
355 775
122 880
783 239
397 352
369 848
956 753
334 773
706 488
740 355
430 280
549 878
86 917
923 105
27 92
134 784
587 4
456 514
737 631
135 722
778 783
996 917
856 35
895 194
326 187
933 481
420 52
304 549
446 864
17 597
254 297
255 240
187 368
481 147
615 848
657 368
804 481
341 814
801 945
16 151
93 919
421 896
392 934
547 302
819 533
931 79
182 215
898 156
96 20
353 699
817 84
409 73
286 145
923 864
546 509
964 28
840 2
831 460
998 375
488 252
414 132
751 165
366 253
149 345
189 668
63 167
267 930
400 904
24 237
865 80
778 397
398 78
460 230
109 455
679 127
493 40
494 259
766 367
962 209
601 919
779 256
749 247
181 891
422 127
962 64
428 804
892 257
604 653
971 146
882 811
99 47
959 957
711 204
144 606
238 614
646 501
47 68
430 308
398 790
883 968
863 166
813 909
407 92
249 248
395 572
888 545
763 483
178 23
878 912
330 170
3 64
352 366
279 247
153 775
230 323
509 408
201 95
37 289
836 224
242 455
391 366
359 186
406 708
788 898
663 450
371 344
444 404
687 456
916 539
715 563
917 339
762 506
127 652
383 534
241 781
975 370
944 494
505 90
413 869
724 545
106 280
134 80
906 905
630 954
778 79
483 479
156 431
506 548
731 37
702 486
989 438
579 121
851 764
358 924
647 688
88 555
217 841
661 500
80 191
338 975
997 396
947 667
645 287
507 582
543 3
895 582
308 342
401 156
365 355
897 891
406 751
99 75
686 435
947 953
951 833
511 990
437 999
633 540
5 675
208 561
505 145
855 753
843 201
700 694
518 995
241 16
553 460
574 474
559 98
841 329
515 904
679 645
353 39
5 982
909 128
567 932
115 541
525 112
818 250
710 948
268 159
76 976
243 137
315 92
384 954
672 923
361 270
159 71
713 445
93 991
612 881
552 359
64 715
263 37
547 230
822 316
657 82
922 334
318 591
68 18
953 428
55 308
292 602
663 565
479 728
120 321
928 894
637 484
946 186
90 921
628 457
453 745
617 904
531 642
824 558
403 173
167 956
8 539
81 443
