932 1025
5 830
745 122
574 161
264 263
811 453
159 659
219 249
23 264
759 727
765 491
11 90
862 778
518 920
111 336
24 415
306 896
923 506
889 850
542 355
860 156
95 144
879 636
56 494
886 792
477 408
467 685
320 894
910 489
147 821
448 642
367 90
9 647
87 132
194 711
665 612
714 659
288 920
445 117
859 908
349 353
583 510
110 864
500 88
212 776
104 326
19 587
359 917
70 925
185 179
29 913
536 867
486 75
528 192
379 830
816 884
798 467
420 130
868 415
123 704
145 837
704 111
673 378
777 22
429 524
509 299
352 236
94 683
357 255
690 316
208 915
331 121
739 283
414 13
549 901
135 260
519 611
179 678
129 439
915 468
64 275
615 365
242 657
400 577
244 85
764 495
351 817
417 58
57 385
44 16
167 208
818 158
335 272
172 854
705 290
205 929
810 709
600 8
502 55
176 394
651 30
383 779
752 873
283 591
550 863
787 485
809 637
658 22
126 837
403 192
840 614
391 221
104 816
343 676
234 139
888 370
227 333
122 125
908 710
420 272
684 581
802 96
489 80
771 873
655 466
387 413
542 548
148 815
781 554
520 79
96 668
156 293
138 872
831 102
54 534
33 494
771 170
405 360
750 358
907 97
848 879
806 86
426 631
724 932
696 533
524 808
849 146
410 693
135 757
130 64
392 769
493 452
25 147
567 617
638 444
482 115
766 217
242 681
555 623
472 363
889 887
409 790
726 317
788 653
454 663
785 124
147 61
437 861
291 618
760 34
908 522
168 689
868 546
874 413
358 335
579 571
347 669
161 658
545 160
817 91
693 878
343 785
799 484
447 399
359 850
395 157
409 602
453 762
721 868
375 794
95 512
539 118
234 833
28 4
708 233
271 9
282 701
153 175
570 799
11 354
173 658
314 164
517 544
759 289
730 615
625 479
899 473
386 410
857 131
557 66
153 260
294 6
314 229
661 392
374 690
789 586
276 891
424 71
482 280
248 395
230 559
722 852
391 67
581 580
73 443
201 334
43 830
215 136
771 106
410 778
533 578
128 521
323 185
25 782
190 381
773 96
85 337
586 87
841 805
531 927
329 743
412 581
80 555
906 606
97 822
168 770
926 533
454 884
765 94
561 861
184 805
210 868
700 373
18 29
490 500
615 49
899 807
359 541
767 891
502 53
107 813
694 281
672 544
741 809
410 791
193 622
263 903
331 310
727 347
53 911
234 441
179 599
309 422
387 492
374 321
418 716
343 614
568 127
587 301
464 185
858 117
718 351
529 796
429 675
489 290
241 93
209 715
453 435
108 530
112 763
746 322
919 64
522 349
909 576
115 265
374 506
633 408
172 400
851 772
205 827
139 732
274 232
671 224
285 293
635 541
587 71
344 146
610 122
259 621
170 387
321 19
688 566
80 91
659 12
515 883
245 528
731 623
537 258
932 130
358 69
747 295
679 621
526 165
375 273
671 230
708 805
94 598
692 106
825 192
627 153
108 222
307 928
195 154
246 266
667 898
576 604
451 344
333 129
825 675
770 915
547 739
839 410
151 17
99 672
885 834
505 25
478 54
40 350
846 762
839 432
567 799
389 256
163 759
475 255
721 763
926 792
895 614
537 267
348 451
826 177
419 672
820 191
70 320
683 22
207 892
317 754
797 421
758 341
862 710
312 553
115 434
259 385
827 147
214 526
868 247
223 781
841 164
11 309
271 708
240 920
190 717
249 279
872 870
496 363
509 615
741 586
411 379
840 492
343 892
839 155
719 181
285 618
606 545
261 51
877 828
880 890
292 259
932 639
586 835
308 238
732 285
814 905
350 2
118 313
404 140
505 830
64 239
799 475
521 322
737 653
111 501
341 292
207 289
547 424
574 483
382 369
578 99
158 133
731 895
800 343
16 914
10 31
605 326
201 699
819 534
284 299
158 183
270 825
420 4
454 767
13 593
669 876
273 627
422 589
535 219
213 250
95 542
599 349
503 217
409 906
821 126
293 223
518 455
710 840
931 13
576 878
654 793
458 330
223 287
708 141
553 539
202 201
334 564
128 221
116 624
496 401
301 332
618 670
929 509
654 496
150 182
625 830
607 377
675 124
615 427
832 195
449 671
588 194
468 279
583 922
858 122
253 926
201 744
178 248
668 35
756 480
605 769
602 299
406 629
887 76
813 820
540 345
475 317
532 195
636 800
34 500
794 834
219 487
857 462
920 898
742 428
266 389
738 773
231 462
496 408
867 355
469 168
589 334
853 129
867 553
836 260
901 594
474 863
219 272
92 207
767 365
108 49
264 79
629 784
348 618
576 424
577 94
66 836
498 194
539 96
122 783
735 838
62 802
509 914
95 211
327 113
327 888
228 602
451 790
452 921
68 163
717 809
701 730
269 800
888 659
399 547
52 276
766 840
778 729
801 911
87 308
284 2
615 316
514 824
477 667
253 912
515 760
25 778
601 656
194 838
591 866
257 218
526 231
448 109
279 478
552 95
316 335
571 255
148 751
364 206
611 15
840 323
421 535
629 675
216 583
699 24
867 100
222 265
117 765
15 106
222 118
687 252
107 151
284 244
211 798
415 898
622 878
10 29
886 810
54 640
191 540
152 798
134 61
403 381
793 466
707 545
829 394
419 107
496 449
26 478
710 407
826 266
26 443
702 441
475 124
821 204
606 205
247 703
790 106
718 549
499 871
65 471
918 111
738 660
23 841
644 223
115 214
349 623
575 224
37 904
585 839
710 755
315 570
394 900
204 809
906 240
32 551
487 516
829 833
418 13
295 501
592 789
28 314
177 507
605 869
627 83
522 133
117 111
565 85
768 591
775 627
705 506
571 719
540 560
791 535
861 299
528 745
803 220
913 57
122 497
413 14
259 817
100 225
285 517
609 404
25 203
583 186
383 387
255 718
203 99
404 683
846 774
715 768
568 334
900 732
271 136
415 890
193 636
319 601
337 653
566 129
114 203
765 880
613 702
444 735
277 743
555 580
117 213
734 110
241 778
419 727
461 675
25 888
199 59
510 165
896 388
251 777
846 681
388 1
106 540
334 715
33 632
308 524
14 625
192 345
843 628
162 469
250 579
798 225
630 691
641 567
4 157
354 502
724 166
651 718
556 810
453 274
323 771
110 432
827 736
710 483
555 106
601 644
827 46
716 832
299 680
77 660
403 100
292 784
613 518
291 498
807 261
906 265
763 296
572 730
777 889
360 848
369 441
900 297
667 917
256 115
640 689
88 622
208 794
594 328
87 76
632 319
602 454
411 413
209 402
892 850
98 518
192 26
789 27
735 740
696 560
596 417
786 583
455 595
629 260
132 57
307 803
786 393
591 137
95 148
780 266
741 204
835 435
375 901
630 115
455 847
770 105
172 34
221 734
920 741
891 268
529 616
889 364
675 693
253 460
710 258
876 30
854 733
209 378
91 866
278 803
70 903
325 389
69 583
382 503
408 367
680 282
687 840
272 762
378 640
782 116
792 875
233 807
107 66
471 722
195 805
344 234
28 604
327 76
84 354
362 813
695 125
361 374
484 752
160 593
543 269
11 436
256 745
474 848
43 253
357 413
599 478
844 46
794 705
551 627
103 923
668 663
20 587
786 455
476 417
196 88
540 781
420 857
317 388
713 505
460 835
906 159
416 502
48 719
576 821
395 744
255 371
705 114
802 781
61 738
144 727
205 339
641 605
77 319
520 112
658 193
93 539
290 912
256 187
872 151
575 165
194 843
303 29
924 289
871 95
592 702
292 258
487 342
571 355
636 366
169 448
90 726
76 321
805 453
175 514
321 90
283 108
578 248
577 772
585 683
689 182
611 755
254 548
763 924
112 243
386 337
862 6
505 36
97 229
832 505
505 435
536 506
60 98
595 34
909 466
855 754
703 546
122 874
581 634
555 889
11 231
19 853
161 214
404 51
865 12
119 284
924 700
792 485
751 767
12 38
572 463
700 33
806 696
818 584
545 778
522 544
152 836
60 504
336 742
472 435
880 16
91 916
434 514
290 287
327 59
220 604
879 864
757 253
803 341
454 25
28 545
182 669
433 183
249 853
702 466
28 23
665 55
24 425
786 640
822 665
236 332
9 206
445 873
627 433
785 95
415 251
95 886
779 481
635 734
620 240
151 102
611 433
645 610
183 914
759 25
713 335
138 903
126 110
631 72
142 76
240 815
805 315
31 212
849 846
164 318
735 490
649 507
444 30
77 833
600 838
532 724
55 770
665 833
55 506
289 327
658 222
686 328
484 166
256 513
166 4
335 182
392 656
183 266
36 691
161 218
931 298
880 40
908 582
187 428
224 113
296 670
771 375
904 689
126 786
775 471
586 756
28 293
196 765
845 367
314 443
83 49
919 744
896 499
833 59
283 6
329 906
190 529
488 594
453 284
163 625
883 108
177 818
166 35
726 440
435 807
911 286
472 860
752 387
87 265
151 116
840 830
31 150
908 708
78 495
563 547
628 370
893 580
717 427
474 932
890 463
189 231
245 656
47 308
910 295
416 762
45 581
447 88
917 253
488 8
528 853
366 224
84 675
635 220
117 536
199 867
549 164
193 611
79 472
231 239
282 736
506 765
482 766
328 788
321 584
783 541
345 468
74 128
610 901
24 756
510 13
164 566
