1000 4957
413 28
681 513
252 721
915 838
115 634
793 51
27 205
918 687
528 379
867 185
655 776
655 630
109 841
36 511
573 688
885 19
243 584
132 20
193 150
583 538
963 954
784 489
380 921
533 631
662 69
368 220
521 746
379 549
995 777
27 606
637 110
268 906
361 504
876 124
932 633
367 414
879 602
329 199
844 738
810 550
72 542
647 954
531 499
320 473
928 942
426 906
326 214
784 893
38 329
141 176
966 734
36 525
806 596
239 701
681 606
131 275
258 697
830 350
760 758
27 194
744 848
581 957
676 138
805 479
950 727
756 6
920 177
655 208
741 876
960 205
248 538
136 927
764 53
880 777
700 180
655 746
753 300
679 60
352 741
29 73
722 737
77 701
264 89
746 855
874 134
617 964
76 281
455 480
190 640
78 379
118 361
501 415
304 79
292 869
532 100
74 707
164 30
204 834
1000 272
336 5
523 766
247 828
160 654
580 653
801 827
623 496
310 196
310 521
738 342
885 229
208 975
688 254
119 588
945 144
764 76
322 91
948 496
823 339
147 401
735 936
349 344
722 143
282 765
615 13
808 611
784 732
857 826
288 70
190 297
291 499
38 589
131 538
97 111
206 695
447 801
488 995
503 869
909 376
932 328
607 718
22 634
386 11
960 743
905 298
379 24
929 9
486 301
72 113
492 209
440 832
809 902
438 384
975 108
670 706
870 391
912 964
322 543
246 399
859 946
605 255
755 526
102 964
38 323
371 281
958 127
779 891
172 875
337 631
655 590
715 429
379 796
40 99
573 498
585 509
118 812
104 523
891 620
486 768
158 317
1 901
660 39
554 628
593 727
996 514
958 345
762 838
676 399
690 641
867 499
784 326
208 40
135 266
517 688
238 254
226 459
592 788
706 257
817 826
656 640
400 180
491 952
537 328
431 982
497 846
901 125
614 805
61 187
997 638
779 202
293 333
321 726
488 23
654 108
159 612
709 313
662 687
883 379
976 695
24 153
816 853
84 552
840 134
483 133
810 200
910 466
206 127
545 813
30 354
324 398
490 473
271 641
201 10
274 176
699 202
717 135
514 33
557 168
708 993
801 193
896 577
1 696
710 154
312 445
791 348
741 529
426 333
172 268
390 351
503 707
414 810
288 965
297 524
407 197
651 69
756 242
426 643
795 451
400 282
564 941
321 21
371 329
432 48
215 287
571 949
917 968
609 923
666 995
352 306
960 775
832 76
953 291
427 887
599 32
820 710
12 395
46 447
126 356
330 515
347 98
40 399
828 549
260 807
812 218
63 808
106 551
451 10
397 687
515 254
258 333
956 276
117 421
483 998
686 451
530 702
323 196
915 58
439 399
571 183
239 886
899 705
773 490
978 429
358 566
540 848
280 273
176 125
390 481
104 608
393 22
968 457
952 749
644 150
277 843
756 549
794 144
79 910
264 773
725 620
817 623
527 570
401 841
862 238
220 317
610 328
801 567
851 389
635 432
600 643
755 954
750 832
821 144
816 50
314 281
561 357
962 70
856 50
620 59
324 426
931 119
825 915
795 58
778 461
934 416
495 156
4 442
335 967
446 133
237 194
126 882
128 674
346 25
592 785
735 683
3 226
956 196
775 512
693 23
299 499
573 897
748 652
940 831
586 89
491 448
36 122
664 643
772 684
992 535
779 783
249 663
928 354
657 175
289 578
956 517
507 570
239 791
358 928
664 348
188 924
272 536
83 379
313 911
407 706
847 595
185 898
61 274
609 899
87 219
350 295
460 803
870 558
579 984
67 815
440 642
602 980
624 767
819 207
879 852
162 347
491 706
521 841
443 589
499 664
795 327
245 471
361 836
983 801
87 283
399 869
513 403
572 600
334 913
496 904
136 205
120 391
375 51
712 694
103 582
569 787
125 138
852 942
6 128
672 233
352 752
170 545
173 819
816 921
300 266
528 88
159 10
979 930
984 730
464 604
93 167
771 908
422 317
614 587
617 648
120 176
66 331
29 364
374 869
488 820
837 974
87 163
623 967
227 183
728 358
3 208
759 806
704 552
744 614
136 975
340 186
857 80
87 863
181 537
845 825
922 73
320 625
652 82
718 138
465 806
492 330
626 936
825 232
607 149
419 516
205 853
461 886
540 242
103 28
592 24
390 135
319 39
126 740
126 788
883 750
845 27
494 59
224 555
189 535
614 151
905 676
543 153
690 767
448 766
291 280
61 435
393 150
581 300
61 611
340 811
676 240
278 452
953 256
440 685
756 499
622 532
540 749
812 650
693 787
415 678
968 664
110 767
360 23
556 58
573 884
524 710
321 82
816 485
450 886
759 117
750 181
119 67
295 457
701 954
593 849
224 513
874 965
750 509
106 497
590 130
733 820
883 612
590 280
976 535
60 360
558 140
443 458
482 422
283 550
795 182
858 938
750 553
587 121
272 690
721 869
421 964
408 872
278 951
562 194
454 879
912 771
307 644
587 453
252 771
572 354
721 547
46 445
668 667
323 471
76 679
525 351
47 432
336 180
446 121
14 796
435 402
291 441
111 792
38 72
792 638
899 704
260 210
261 236
282 950
227 596
998 32
513 168
658 246
237 658
500 523
933 256
347 421
1000 839
8 45
636 649
301 91
558 151
673 546
581 873
485 68
246 461
159 850
491 1000
476 92
114 507
477 309
795 550
427 595
854 347
905 944
374 498
994 769
30 971
289 938
255 542
255 85
717 490
38 240
811 678
612 640
386 487
406 628
195 897
9 974
780 337
156 107
213 929
180 308
736 626
346 649
405 989
593 53
333 370
997 768
763 639
743 473
693 242
803 475
586 937
592 360
418 39
54 436
3 204
663 575
833 908
595 861
668 125
137 661
601 595
7 135
503 55
655 170
821 109
713 298
310 872
827 318
630 710
98 514
761 789
856 507
728 191
692 457
251 640
900 113
846 370
143 503
990 718
130 287
771 154
313 472
5 498
26 348
697 645
173 475
377 653
376 643
178 998
801 678
397 957
364 560
725 40
488 909
40 16
603 761
963 250
744 174
48 80
798 911
675 758
9 667
452 805
859 239
164 420
698 291
304 923
572 643
367 1
41 906
932 133
298 85
872 701
745 177
541 425
602 813
417 587
491 403
131 194
229 39
867 643
118 340
319 243
505 582
197 333
821 200
968 692
387 560
458 853
607 589
849 601
100 354
427 82
247 333
812 608
363 151
299 662
599 792
241 737
439 831
797 588
636 840
340 999
900 39
808 455
717 254
593 432
938 822
769 964
270 880
426 41
561 594
602 763
590 469
839 163
91 472
832 807
700 348
863 240
334 177
371 261
408 313
264 542
541 620
581 389
583 682
52 242
725 442
501 110
105 151
720 391
956 632
219 472
520 718
631 942
647 949
561 422
851 563
84 688
174 403
158 884
340 639
640 88
953 921
680 959
533 259
866 474
96 235
810 558
278 455
887 449
728 939
998 782
892 441
567 946
414 998
623 140
272 971
70 202
720 165
717 392
742 330
278 438
426 16
119 189
671 456
323 85
363 631
470 457
734 906
733 898
661 101
148 467
132 629
407 472
392 474
111 724
704 829
205 250
423 594
391 549
571 502
531 694
522 764
952 715
720 200
888 877
759 889
261 201
665 391
912 104
84 281
2 734
858 993
661 921
654 787
252 426
550 10
951 215
274 273
723 507
1000 947
740 766
406 370
500 6
100 515
891 776
681 474
698 98
439 13
418 753
610 208
203 266
483 273
28 546
279 971
835 266
688 388
675 948
732 341
291 959
91 420
700 449
663 378
67 567
960 585
918 828
548 660
380 750
607 75
756 706
8 640
78 935
696 881
893 577
521 397
802 502
660 904
69 618
421 503
556 809
700 551
426 457
722 906
269 913
725 638
67 183
283 545
547 428
267 811
857 580
969 719
452 357
956 665
697 568
972 620
494 461
367 577
289 191
444 47
836 387
922 468
198 433
750 130
91 92
753 512
257 628
94 358
556 437
628 692
26 187
702 165
972 308
525 825
394 838
326 675
493 764
799 829
95 88
902 344
996 515
134 652
980 175
950 209
351 732
731 297
496 170
716 898
963 497
412 331
345 202
888 251
941 986
378 24
486 436
383 194
969 11
326 55
458 442
540 812
483 810
528 689
395 618
358 626
217 582
662 684
296 416
666 291
385 913
794 457
610 788
120 729
723 642
176 928
908 369
178 457
876 240
199 672
971 819
988 302
882 203
865 129
41 396
186 442
978 855
278 601
686 226
40 707
727 895
413 361
489 456
307 81
146 923
753 897
424 974
847 390
83 857
64 170
544 703
691 503
488 571
657 187
430 759
614 577
714 457
199 233
698 15
862 140
148 503
76 116
756 313
511 866
8 599
172 679
93 835
636 585
451 779
529 174
830 863
418 310
220 590
80 570
960 606
65 523
651 780
940 631
728 31
47 369
430 107
203 256
966 105
696 200
136 887
384 180
955 207
809 423
795 729
63 986
390 126
47 468
585 752
931 681
711 112
197 53
532 232
94 996
740 71
477 794
683 834
795 189
616 57
857 703
229 970
73 708
323 397
87 811
420 174
590 461
956 1000
367 604
962 982
851 620
9 625
14 137
716 24
108 233
626 788
954 306
148 365
181 397
4 103
64 79
966 671
892 809
107 630
6 240
991 690
290 895
572 175
292 798
518 632
850 457
558 878
890 720
299 461
856 76
945 704
103 450
750 512
968 89
532 247
145 659
554 363
845 781
864 719
906 582
962 619
960 850
961 778
362 437
87 501
611 558
917 326
413 786
422 689
387 420
961 863
27 512
491 224
304 139
106 11
293 940
938 403
385 561
521 92
651 375
728 440
928 389
750 989
486 374
548 245
36 20
933 354
972 886
58 89
114 74
612 477
693 906
107 316
712 455
854 973
525 739
141 335
988 342
845 936
2 458
659 192
997 85
902 471
64 356
102 236
656 749
171 214
237 33
912 519
475 993
521 545
97 492
953 941
320 814
372 980
928 557
949 734
480 377
508 535
245 895
1 230
37 341
989 664
278 684
21 678
955 991
613 28
353 715
281 150
542 24
266 649
836 381
885 142
666 123
1 23
308 183
153 332
320 716
854 964
420 379
894 453
647 363
787 448
731 57
19 481
517 290
223 767
774 261
790 696
371 904
62 76
634 782
636 49
378 289
713 66
803 938
203 150
646 638
424 30
850 806
104 111
281 916
874 215
602 557
253 878
398 537
804 254
235 516
292 938
417 729
386 70
883 652
893 698
637 896
47 222
361 758
267 547
270 326
73 138
483 28
384 144
882 691
520 434
370 265
334 878
6 251
997 892
316 679
840 943
875 13
517 645
883 518
292 648
593 490
189 820
18 226
644 993
573 940
304 289
395 567
893 518
396 273
550 429
418 226
607 611
259 826
73 983
135 615
405 45
336 423
228 576
135 244
230 745
531 657
862 487
905 917
604 848
400 739
203 969
77 421
260 570
465 568
962 513
800 479
505 335
677 801
36 123
401 49
572 179
727 92
5 228
960 288
278 631
887 970
563 816
424 302
419 399
304 675
362 684
579 215
990 924
790 105
204 804
385 806
703 727
423 810
494 943
526 937
981 327
603 924
451 411
308 474
347 129
292 841
354 153
543 459
922 791
832 846
136 476
601 678
934 10
278 272
413 54
713 221
479 58
972 779
919 464
650 758
387 996
799 478
464 583
943 305
748 815
714 619
872 158
918 223
663 39
955 684
367 484
278 965
721 369
45 838
65 57
765 130
105 625
949 971
344 577
950 60
146 437
493 10
989 180
379 331
383 479
137 890
390 841
821 939
671 370
949 641
15 766
786 302
346 163
407 606
961 950
772 864
663 782
421 957
779 334
852 978
274 899
547 250
399 268
363 876
313 241
347 311
275 466
42 331
774 649
759 49
320 697
84 948
979 898
367 303
280 172
808 467
486 138
405 543
595 855
832 611
908 566
874 297
351 376
359 276
711 67
567 389
35 708
611 6
793 773
193 327
556 816
463 778
981 798
177 739
270 975
603 870
549 448
237 510
826 240
24 768
117 600
171 998
919 52
247 165
943 568
359 889
953 901
18 718
592 861
90 122
866 906
994 183
832 6
83 601
618 641
229 763
766 68
677 732
434 798
112 525
958 698
869 185
391 332
872 757
982 240
455 981
289 356
571 877
629 6
956 801
405 464
98 578
135 576
190 633
210 25
358 16
368 969
894 379
952 438
491 42
922 166
256 538
956 619
956 748
637 540
795 18
482 811
234 53
818 913
637 203
86 228
418 515
291 787
603 687
919 795
186 653
647 189
890 665
961 317
604 412
786 891
324 422
454 710
790 154
629 98
728 482
829 325
100 218
617 124
225 567
359 209
605 153
128 515
571 297
699 348
314 283
366 381
884 848
259 24
78 689
482 764
569 534
270 985
418 257
78 260
114 176
132 108
874 608
337 911
72 207
199 52
944 177
31 805
744 478
380 443
955 852
852 930
307 834
84 961
801 484
695 596
96 536
898 122
400 315
127 568
614 309
663 588
9 6
543 638
711 369
577 153
893 550
622 74
879 418
718 940
82 71
350 450
408 837
372 107
744 948
300 325
229 121
212 39
199 600
968 338
635 399
574 615
386 900
278 158
460 789
835 218
324 705
867 529
947 870
586 423
386 523
53 503
400 573
165 469
555 342
646 35
647 179
17 378
833 147
464 469
134 664
157 523
410 618
988 783
730 976
414 18
783 752
401 881
842 553
385 584
534 355
494 650
704 538
426 640
779 645
450 478
316 309
658 177
141 859
18 327
2 397
554 878
276 768
166 813
614 822
245 177
100 863
816 536
19 829
141 411
179 360
933 327
588 641
113 649
573 51
349 350
856 549
114 946
390 959
219 954
998 446
283 880
759 908
983 462
979 777
565 648
74 705
625 983
494 233
494 550
996 542
298 265
42 117
157 881
712 354
749 472
472 60
74 163
213 219
572 681
554 28
267 584
449 425
14 484
435 716
586 605
935 823
845 267
167 980
263 321
927 403
234 102
54 773
623 801
809 746
790 324
205 796
614 696
478 869
279 193
778 599
356 98
857 681
997 261
571 928
772 572
593 9
650 22
617 840
210 142
249 358
30 374
178 423
441 434
237 615
950 679
493 509
496 441
507 644
405 396
117 295
463 442
625 473
501 323
875 391
920 786
548 393
876 878
971 357
644 389
995 660
310 689
313 403
222 567
79 671
923 13
997 990
608 831
545 200
505 46
407 994
968 705
362 631
272 334
770 453
989 207
865 286
919 626
14 784
152 457
245 52
101 287
836 275
863 187
876 250
7 584
635 777
458 146
65 564
856 257
803 484
472 10
436 763
628 813
681 250
458 229
647 47
647 762
564 538
617 962
941 985
106 140
355 643
110 257
93 477
365 594
774 621
919 193
333 478
206 788
337 923
427 492
161 858
208 298
973 255
173 811
864 980
614 255
392 778
816 855
558 648
673 357
251 337
35 796
880 503
914 9
715 309
713 241
477 930
974 875
194 734
460 904
173 758
865 155
857 113
251 462
750 638
418 680
275 785
257 878
721 223
960 564
905 427
373 266
922 944
246 316
732 20
676 590
220 773
901 681
495 695
120 39
906 792
267 482
647 417
531 612
324 891
271 284
166 66
483 880
637 290
817 80
657 484
683 549
989 829
104 474
426 121
61 574
750 671
96 964
686 775
709 973
525 752
875 631
235 129
698 174
536 236
682 375
350 964
194 903
963 815
929 344
929 899
395 356
144 150
915 80
366 39
701 268
495 479
351 58
844 342
976 582
893 423
317 151
365 657
279 487
469 913
849 735
936 389
789 813
991 673
330 701
171 583
297 768
101 895
307 394
531 730
732 124
164 622
539 456
759 853
317 515
765 228
323 913
896 674
696 191
932 32
515 88
644 39
555 49
497 998
331 683
251 327
890 576
836 900
956 478
197 589
352 985
805 116
441 802
440 183
810 474
43 175
945 339
66 634
14 714
531 476
164 518
40 524
646 540
994 341
900 804
479 399
580 859
83 485
263 563
428 959
470 682
72 626
258 88
790 673
323 169
4 673
97 224
226 954
504 584
764 241
86 568
674 233
675 205
198 747
632 236
609 337
41 619
411 133
505 98
784 680
824 512
92 582
249 269
845 587
523 512
315 404
863 558
134 582
211 359
564 191
695 513
307 731
604 835
967 281
272 417
1 229
267 209
833 68
208 116
534 272
64 515
1000 208
653 10
394 866
604 389
736 923
515 57
917 629
349 115
60 377
540 983
61 447
762 284
601 620
447 306
213 740
859 881
252 897
623 199
932 739
592 494
43 621
868 737
368 675
870 782
779 144
411 855
780 943
176 296
603 372
341 681
386 619
95 911
459 694
892 726
336 417
262 953
361 97
696 705
573 82
885 241
182 191
293 605
19 702
31 231
298 399
647 302
151 453
501 794
390 456
598 534
86 908
622 190
465 88
680 127
294 208
840 871
367 925
226 515
652 826
230 465
395 729
749 11
267 691
931 782
821 563
589 417
221 796
992 800
628 185
973 856
794 26
905 53
871 88
249 825
413 576
987 615
894 785
219 913
843 180
737 92
956 314
522 253
685 863
320 829
559 462
405 177
540 757
659 777
470 117
161 825
346 698
368 521
312 437
573 575
847 128
742 281
221 35
658 303
314 166
711 624
93 560
892 408
988 471
387 696
887 965
925 50
319 775
927 306
502 318
418 734
517 653
721 866
585 82
8 915
433 813
17 859
548 926
109 907
20 26
919 581
296 653
483 773
390 998
953 726
799 590
865 183
801 657
162 240
990 191
722 479
888 86
890 653
851 641
663 502
709 168
544 330
731 538
733 327
54 440
754 409
862 974
774 348
83 110
598 659
710 514
677 698
489 977
825 724
38 731
274 328
934 689
196 511
53 149
501 526
742 708
598 345
519 379
615 122
270 115
715 415
658 182
495 257
408 665
455 300
818 595
419 983
268 445
569 622
939 539
308 337
22 526
274 618
77 342
277 441
593 840
226 275
400 920
85 377
671 403
984 379
228 88
841 873
346 962
400 609
809 957
4 92
557 552
703 473
563 330
923 429
929 961
414 70
966 915
535 752
383 871
810 273
721 295
867 663
63 686
889 179
196 51
764 982
656 124
31 140
896 523
197 566
753 729
347 581
460 599
372 16
617 567
857 144
288 149
217 113
860 107
491 520
368 420
591 245
866 907
809 864
387 981
119 291
157 876
581 975
103 447
125 67
326 785
423 24
936 570
519 393
975 763
650 133
119 208
891 878
468 600
430 708
783 789
519 595
441 672
652 926
463 786
10 122
728 129
711 381
36 832
953 138
420 231
294 434
991 807
760 199
960 468
523 168
173 473
636 279
29 490
371 518
286 936
713 522
454 692
312 802
96 223
629 811
958 723
43 15
405 620
483 689
962 379
965 640
858 591
808 909
902 98
451 276
663 566
159 456
214 244
689 659
123 119
963 863
858 901
655 189
893 386
235 334
161 749
447 792
717 852
729 471
350 903
812 807
251 172
831 257
725 782
905 493
942 177
299 297
505 17
949 257
988 183
237 495
809 758
554 780
956 469
531 43
62 234
466 348
604 506
747 312
663 233
460 669
436 942
221 539
459 327
586 211
940 628
249 901
526 382
892 873
593 467
947 880
241 131
4 182
832 900
208 537
595 506
944 506
605 550
920 297
315 761
439 81
408 315
227 193
173 442
854 613
781 187
807 886
125 268
234 462
988 985
733 672
759 787
627 45
790 331
26 140
204 700
759 103
135 514
283 192
504 121
341 911
83 644
380 702
806 28
312 251
733 387
645 146
519 359
321 67
480 268
744 158
998 194
357 218
178 732
731 951
694 828
953 776
148 622
726 694
169 122
934 115
723 242
336 144
686 848
919 659
603 856
518 866
231 582
988 768
521 832
882 506
366 219
645 436
919 181
647 543
797 174
350 761
235 902
623 364
625 837
292 455
717 983
4 585
411 495
367 674
193 648
580 882
669 916
709 839
603 614
983 457
821 841
199 478
825 987
289 864
87 658
241 300
350 606
166 635
208 494
408 619
541 251
246 448
677 949
486 595
527 155
799 11
471 95
422 513
773 871
789 487
523 445
134 332
619 58
937 219
620 785
647 498
414 638
37 60
935 381
682 291
955 387
991 906
61 763
996 381
501 862
227 642
302 290
216 775
31 105
587 776
659 391
414 782
879 32
477 619
756 349
795 906
263 485
744 381
63 23
690 306
226 826
142 23
435 11
295 671
469 878
186 117
186 686
867 451
333 290
889 946
639 175
198 350
984 303
586 926
826 811
849 665
812 701
320 200
671 864
195 142
414 172
489 928
914 310
992 698
522 870
449 82
69 793
784 155
894 202
417 831
259 942
660 179
606 734
148 111
293 449
255 878
650 73
321 969
208 627
355 562
600 403
781 55
564 51
270 805
56 806
623 926
865 731
417 184
573 608
8 884
8 649
852 124
525 50
730 625
351 451
732 986
380 231
784 764
534 373
618 848
704 187
278 898
544 698
744 727
912 387
414 151
161 913
454 126
37 46
698 514
634 679
320 126
176 364
885 322
488 26
269 448
87 900
858 749
270 626
720 357
115 691
520 855
114 802
667 24
6 681
66 641
677 793
914 6
823 578
12 698
880 446
42 951
362 523
668 903
922 966
906 796
1000 4
1000 729
340 154
857 555
400 671
722 723
273 39
737 538
441 179
574 731
725 835
854 411
85 287
547 348
272 615
680 870
271 238
455 233
612 687
79 683
958 304
995 815
906 549
277 55
598 408
433 871
602 599
531 615
750 345
397 207
435 420
215 727
483 771
383 468
762 740
616 679
726 907
968 397
396 9
36 555
198 488
94 684
314 59
378 654
616 822
230 298
837 210
198 323
273 266
862 735
801 275
864 133
274 828
645 826
262 497
561 219
742 559
321 193
231 980
660 877
931 994
892 156
94 870
129 428
319 459
574 265
189 671
595 900
889 876
879 584
68 183
893 247
297 122
417 28
662 700
534 609
78 838
187 284
386 420
996 683
902 590
905 250
136 590
447 838
854 258
636 689
379 699
103 826
725 393
222 455
435 913
438 496
893 807
593 575
575 379
406 233
355 841
317 514
413 707
583 924
929 605
452 895
508 140
716 937
107 727
634 478
573 305
978 982
460 577
164 682
763 876
583 742
670 627
674 468
493 369
557 151
773 26
213 567
888 535
794 618
262 379
863 360
821 355
893 240
3 35
658 791
794 351
788 727
389 727
19 691
314 90
419 217
206 665
6 634
542 23
419 795
693 734
105 861
418 579
529 388
353 704
517 987
901 993
413 91
460 950
119 690
1000 562
280 804
431 886
435 540
226 80
237 142
330 560
536 251
148 84
793 806
665 537
281 122
517 675
78 708
286 485
54 833
974 986
275 254
3 389
424 25
741 452
463 621
373 90
247 202
211 925
505 466
70 479
704 619
104 538
165 878
900 727
279 250
230 827
446 708
693 551
233 710
931 699
732 115
769 674
860 978
38 434
670 430
711 850
579 618
891 281
502 175
313 766
430 678
452 877
362 990
292 313
221 184
204 541
897 566
137 710
48 487
145 297
252 324
951 170
367 107
113 10
25 566
813 538
540 246
580 827
762 66
178 966
416 266
604 859
123 111
625 506
808 166
934 986
331 514
757 312
333 331
282 600
245 596
818 67
963 547
489 597
808 480
860 937
148 702
866 855
831 649
61 12
261 15
409 142
392 242
84 339
790 220
127 335
341 364
16 88
198 175
181 365
808 399
592 588
809 429
386 829
87 693
227 246
338 546
671 819
569 454
677 973
14 870
515 776
324 244
717 775
314 900
60 187
723 32
483 775
482 773
84 388
786 567
695 804
767 678
491 209
860 817
845 973
75 926
738 50
96 942
353 16
481 91
883 953
925 128
772 890
308 783
125 439
623 530
146 200
366 835
885 50
310 193
170 841
814 246
321 309
249 848
393 51
785 284
1 301
129 219
274 795
28 207
991 954
723 184
905 162
373 511
987 982
31 578
894 793
788 516
458 909
4 608
385 482
919 651
668 671
939 721
623 813
979 915
925 339
857 133
177 576
414 94
501 180
810 245
774 450
955 996
116 627
100 88
136 529
691 266
696 740
272 691
658 449
731 541
486 504
110 476
271 502
771 524
97 172
426 938
872 587
616 768
741 41
268 787
142 466
293 839
778 942
865 39
721 858
885 743
544 829
9 121
972 254
528 49
983 627
731 129
694 55
34 540
349 718
976 739
773 562
885 349
996 315
869 51
615 68
118 551
892 289
359 764
843 878
454 699
506 48
612 990
666 281
743 654
944 400
374 664
156 587
748 800
583 300
248 341
948 735
71 13
734 168
901 409
647 222
117 383
481 18
636 480
9 298
547 986
469 877
609 194
760 467
310 729
371 625
93 515
61 733
688 425
872 150
539 631
837 653
931 638
362 559
593 90
559 536
774 984
991 825
832 233
815 878
318 306
102 16
966 36
159 550
715 209
36 937
314 727
612 274
406 762
298 275
742 64
797 416
446 828
451 169
15 552
698 689
471 737
1000 584
75 207
720 179
349 538
636 276
685 619
225 511
481 185
602 801
125 51
844 458
746 570
683 878
919 169
333 6
759 483
688 27
688 416
945 249
817 877
857 802
278 151
842 323
860 870
972 675
213 482
956 613
995 217
408 349
889 388
997 112
174 542
396 73
233 200
105 643
220 266
712 627
832 447
321 13
759 417
544 478
266 150
929 97
288 284
767 924
366 787
631 566
744 348
872 117
820 640
857 621
203 654
679 924
350 900
952 356
7 375
808 777
266 456
500 52
806 710
718 473
222 151
493 188
188 3
575 913
118 275
944 310
817 451
759 946
837 512
146 504
14 643
352 997
139 917
824 609
224 343
301 410
9 846
647 170
211 829
451 151
159 366
508 576
181 290
698 297
656 290
386 864
104 856
25 641
192 959
851 781
583 93
431 144
87 882
146 970
533 46
265 51
773 645
78 197
650 458
709 828
247 29
636 553
675 907
250 649
931 533
587 673
326 89
807 401
882 796
719 466
114 370
926 792
162 552
583 820
893 177
234 606
551 165
91 251
589 88
425 877
149 92
850 494
43 64
125 302
486 601
69 591
313 345
987 382
770 280
555 530
665 502
868 415
25 855
939 976
407 734
548 850
73 40
915 49
537 377
462 26
779 276
211 606
304 687
763 869
422 846
598 561
780 382
373 242
919 388
702 122
960 629
812 846
7 559
65 151
356 434
892 896
880 316
54 484
37 276
723 158
984 785
925 480
117 880
522 599
62 356
924 71
992 12
431 762
875 653
213 318
623 150
588 980
843 420
294 884
705 749
595 890
850 526
131 594
616 869
106 719
29 928
982 873
564 124
859 356
779 102
78 717
259 599
675 656
519 125
977 913
279 537
283 986
54 221
234 906
536 674
420 560
539 640
235 185
866 52
96 999
117 126
979 271
213 108
335 138
875 174
266 256
234 395
769 128
608 936
65 515
991 732
261 937
426 549
540 420
874 511
411 718
178 719
359 102
533 541
255 877
353 801
475 140
577 681
600 550
483 240
67 615
195 708
529 657
307 501
554 683
683 638
43 325
722 719
635 210
797 191
207 509
196 987
947 133
414 363
587 343
990 656
96 4
614 689
407 265
524 649
407 775
157 539
105 301
69 228
803 684
623 921
610 456
400 228
960 754
741 152
464 444
817 632
31 824
840 18
404 653
698 615
310 353
19 449
188 472
398 459
326 422
31 201
912 73
896 452
515 244
440 826
603 692
663 276
846 620
334 545
847 202
696 674
858 333
732 652
821 749
182 661
532 880
966 101
20 218
114 205
4 124
222 719
598 157
62 142
264 193
63 6
711 231
87 130
551 740
790 658
978 850
148 553
923 290
828 710
47 175
106 681
750 715
966 585
418 678
715 550
347 853
811 904
774 284
316 599
529 631
706 276
544 103
943 924
802 205
677 181
769 615
147 618
973 511
722 372
225 692
816 518
915 150
818 278
178 547
358 616
269 899
270 51
238 434
354 338
405 553
715 449
554 166
508 263
145 270
720 236
481 715
81 648
2 985
579 630
852 129
291 638
20 605
366 321
331 692
481 937
978 297
13 457
561 218
319 545
609 236
287 254
529 644
786 778
14 907
458 672
844 20
186 440
756 259
828 578
595 80
821 356
528 119
765 459
784 129
12 878
614 546
228 514
19 685
204 381
920 950
666 237
522 86
336 77
371 748
971 699
504 318
659 275
267 487
1 26
510 777
790 569
778 76
264 927
449 275
195 220
674 236
543 273
414 126
567 428
346 909
2 462
20 913
34 604
868 765
426 424
264 301
671 839
145 345
488 225
913 509
126 553
899 245
536 729
519 659
5 431
320 810
411 968
935 825
928 184
490 284
914 426
528 785
772 455
305 11
114 643
367 727
333 344
745 175
314 303
799 942
31 911
912 151
406 560
181 543
844 497
940 339
871 11
423 284
922 976
869 898
407 192
867 163
413 774
894 449
822 98
571 820
128 154
679 122
900 434
830 823
580 942
505 787
424 154
102 820
451 850
586 390
695 257
441 745
61 784
939 749
961 482
47 877
193 822
786 706
287 964
452 466
491 553
772 625
1000 478
828 789
662 769
333 924
941 71
62 767
266 692
999 138
961 516
450 664
736 925
518 718
935 553
555 144
235 783
612 708
995 108
408 18
744 684
943 404
510 775
316 560
14 440
295 791
54 19
76 946
862 874
204 81
941 240
354 767
208 916
38 215
9 536
874 323
802 209
198 942
794 335
971 305
754 131
258 233
756 280
679 472
8 395
392 643
450 864
896 875
181 687
787 163
241 727
221 494
847 334
573 683
849 804
525 246
265 653
637 156
288 250
270 325
90 232
400 937
145 829
216 572
205 954
452 708
854 978
263 688
654 974
846 827
550 538
344 923
917 152
276 909
779 708
263 682
764 971
46 638
929 378
765 681
89 184
731 812
714 165
381 672
555 797
973 412
261 341
473 80
637 36
361 595
568 767
851 787
883 297
844 511
270 804
277 283
176 552
598 559
905 665
666 855
475 634
181 618
610 844
19 822
991 89
612 501
146 819
741 284
852 208
580 705
583 422
898 240
927 316
396 436
933 517
733 936
773 233
525 80
493 601
95 878
421 967
633 57
612 6
854 9
198 621
918 476
329 658
680 134
862 89
891 429
994 644
6 974
79 140
274 679
751 95
802 937
925 801
414 603
246 182
844 390
790 261
314 706
614 130
129 819
919 455
619 511
262 904
567 941
269 810
997 52
87 751
934 147
41 121
645 671
840 485
852 437
269 442
411 242
413 703
286 439
361 201
70 853
294 774
458 981
369 57
225 650
889 373
520 810
963 164
322 602
430 541
894 332
235 417
564 578
368 383
717 497
888 218
295 91
480 499
408 316
543 305
663 149
966 759
557 448
751 745
310 75
631 71
522 649
41 478
285 242
748 494
617 365
74 205
534 346
534 911
21 552
260 272
736 873
381 88
28 193
8 831
585 223
488 369
72 998
89 904
787 916
880 985
614 777
647 565
889 382
646 477
541 968
282 808
156 701
451 823
837 652
414 258
269 122
381 256
1 175
613 110
384 902
443 436
43 251
841 219
851 544
104 550
730 758
106 92
396 67
586 834
165 487
445 175
277 789
313 580
803 462
481 698
647 987
852 927
394 783
969 605
695 85
951 256
361 572
884 621
293 27
368 517
978 789
333 778
863 487
795 592
947 50
106 382
894 495
368 841
292 786
603 277
663 936
353 337
540 163
743 985
784 457
411 369
433 281
731 158
533 977
662 650
41 281
379 55
293 533
598 161
388 10
720 719
689 243
871 256
162 976
380 682
966 719
54 634
755 846
129 337
313 589
662 170
668 193
598 587
217 822
362 125
322 24
292 583
919 859
481 889
868 392
304 393
62 788
483 196
782 391
500 846
148 924
573 803
595 416
816 128
137 970
749 993
821 655
915 403
169 642
848 739
760 645
320 455
64 498
285 44
927 615
580 187
808 999
148 957
608 457
863 515
863 478
518 90
497 142
893 174
79 273
961 66
211 696
750 802
784 351
531 797
253 30
336 365
651 613
700 745
836 640
455 236
494 539
389 175
67 627
713 472
733 474
491 979
455 745
76 85
258 400
521 160
5 95
61 146
725 251
637 574
711 806
62 354
949 738
204 335
682 898
267 831
790 650
539 75
264 657
190 932
857 233
534 568
888 785
190 226
723 619
69 590
527 587
750 609
482 439
1 806
633 28
358 684
995 881
994 600
477 228
979 469
723 652
464 957
636 946
912 971
195 729
126 512
454 310
551 545
518 536
493 409
159 825
277 514
36 691
206 333
614 382
136 465
467 297
80 758
358 56
696 524
749 766
592 370
604 451
793 604
919 36
97 130
129 779
249 607
583 812
6 200
967 582
126 558
308 318
164 27
918 192
955 167
74 708
440 536
973 864
962 665
716 570
139 463
985 739
929 702
252 422
622 797
218 242
418 71
606 524
458 549
536 584
521 321
390 804
961 205
248 219
43 405
395 739
505 748
982 878
161 338
715 609
494 462
647 75
704 643
445 154
409 168
599 377
253 982
860 876
269 546
660 182
736 239
973 420
41 643
117 125
1000 350
430 90
162 377
505 376
38 977
131 101
756 17
79 634
461 907
69 560
828 57
198 651
74 909
260 424
807 472
646 862
331 640
260 823
372 140
29 163
413 622
373 58
126 562
107 940
440 820
402 480
822 138
864 379
225 697
119 906
920 876
742 207
636 567
982 122
298 789
961 545
916 39
610 86
611 348
395 127
668 141
137 965
482 965
7 792
618 796
51 766
732 549
308 215
753 51
109 738
755 819
809 308
684 354
760 422
759 253
222 673
434 727
118 16
790 121
845 382
270 730
200 895
680 39
636 5
493 219
613 989
540 467
83 40
871 974
160 512
307 509
790 88
346 800
535 886
37 615
664 325
407 423
960 782
887 131
264 115
691 99
646 516
267 949
731 200
841 965
137 349
127 85
364 265
486 801
119 259
186 146
367 780
157 654
598 985
743 832
580 675
445 466
31 915
728 666
548 657
716 806
808 543
897 399
722 347
61 190
649 318
188 174
548 886
654 439
512 226
34 890
182 835
860 562
93 103
791 831
519 474
408 828
759 316
636 41
212 478
675 990
632 266
253 823
859 903
510 125
680 872
590 672
510 549
866 300
960 547
823 473
887 152
173 405
365 701
66 615
893 689
738 861
162 220
482 656
392 306
477 628
922 860
668 131
228 560
394 128
47 381
178 947
507 965
736 936
199 11
165 183
590 311
313 201
495 55
685 86
415 550
889 16
7 565
474 906
323 941
216 113
946 207
141 740
626 558
936 191
352 625
736 69
788 627
637 611
402 339
985 360
749 255
343 39
660 219
666 516
990 76
662 441
77 642
78 304
500 472
889 882
518 40
709 39
505 454
748 6
72 230
803 776
145 886
917 426
721 503
915 629
384 458
447 287
156 618
352 893
198 707
89 560
483 242
592 799
455 993
605 284
612 466
278 58
371 580
173 741
372 811
428 184
447 364
602 200
622 143
198 184
292 194
148 79
849 763
952 627
189 805
260 811
458 404
392 537
728 776
801 537
894 149
235 965
532 354
165 327
865 462
186 930
614 276
979 322
890 446
541 898
851 764
547 373
524 621
93 795
42 799
956 82
956 415
278 66
371 501
686 240
688 767
151 643
48 798
765 436
850 146
715 864
934 116
427 577
960 874
830 766
192 841
245 552
874 893
446 594
482 350
217 887
161 962
606 332
165 10
105 487
96 271
958 611
978 280
228 337
104 778
892 168
893 22
731 167
548 876
219 75
19 589
522 771
372 174
427 875
139 160
179 348
190 725
713 948
329 591
960 509
312 891
420 552
594 219
167 391
958 406
906 687
500 778
784 954
430 565
586 951
958 223
669 471
817 586
423 671
353 450
315 375
61 444
104 738
675 877
61 842
508 727
704 746
243 813
901 633
573 780
152 24
825 684
726 796
945 218
563 855
912 787
854 303
567 466
346 210
241 837
31 245
117 128
647 903
562 870
598 442
178 17
217 26
984 472
402 819
293 405
316 515
43 47
975 942
842 194
134 719
700 503
1000 868
632 535
849 971
199 416
164 390
290 328
467 562
544 615
320 140
249 282
932 341
123 138
157 71
947 396
90 900
788 904
572 506
274 341
20 484
866 155
922 665
939 589
715 32
283 417
430 432
530 473
894 142
930 904
823 150
330 691
534 169
297 338
669 478
717 839
504 642
321 92
394 640
36 331
35 184
510 322
869 98
104 22
358 330
825 615
239 781
350 543
665 577
171 878
137 837
687 819
197 339
822 244
380 705
986 15
732 498
751 342
571 73
286 533
920 689
816 382
535 536
157 585
896 101
753 812
534 683
701 68
96 968
794 403
369 214
743 457
905 689
925 15
182 474
72 514
896 431
571 568
491 668
917 540
221 511
291 985
575 806
978 616
966 856
64 619
304 928
581 696
160 799
577 878
36 52
362 825
241 777
846 907
947 152
279 368
264 354
432 265
242 546
345 134
933 525
825 140
40 692
220 834
204 127
21 927
632 205
261 309
407 442
688 436
134 987
247 614
12 156
784 77
732 710
143 999
314 449
315 878
392 886
614 153
963 481
126 769
603 518
518 155
625 822
294 278
757 273
117 716
902 538
390 432
318 343
263 521
29 502
268 15
568 456
918 584
589 504
224 134
966 979
573 244
940 537
262 647
405 712
890 514
688 946
790 897
592 461
956 806
888 980
867 664
581 953
356 265
37 332
782 926
969 200
329 643
401 254
125 665
493 736
856 545
278 137
67 870
314 317
527 974
197 802
329 620
950 926
700 402
494 209
313 799
595 550
635 24
763 207
339 122
276 924
237 284
148 604
958 702
7 182
381 379
391 328
854 416
657 306
547 515
18 342
989 552
366 604
973 302
629 577
455 453
579 308
743 615
300 339
269 421
466 615
131 441
73 388
988 570
755 672
350 630
629 332
131 81
973 970
188 6
947 318
279 612
1000 355
563 737
512 597
178 44
536 861
346 503
435 487
842 877
662 175
872 752
703 379
887 462
65 51
473 388
780 683
747 792
824 726
347 996
733 431
880 813
630 584
131 184
385 661
635 138
321 91
960 245
580 243
139 296
384 653
286 98
824 581
87 887
571 870
54 206
721 835
920 653
932 40
62 996
283 386
639 768
783 26
569 759
293 927
755 28
506 257
42 657
955 917
996 210
797 980
756 792
361 394
269 238
128 752
660 582
713 700
438 6
523 503
558 649
225 459
392 762
193 681
470 872
670 972
784 907
806 266
842 554
435 976
934 577
424 608
885 29
832 903
616 425
463 427
780 95
818 230
655 712
581 600
216 55
188 218
159 820
573 321
533 44
166 382
221 314
771 763
574 113
776 185
574 331
335 877
32 318
66 92
286 878
103 652
320 285
701 275
952 37
272 802
607 250
563 459
77 49
702 113
164 940
795 484
83 899
390 269
492 616
20 890
721 659
630 503
902 189
482 127
28 183
817 587
413 384
89 391
141 710
309 223
774 749
3 765
867 144
960 286
14 711
195 440
193 724
432 300
157 24
405 231
181 789
644 403
58 151
719 99
352 115
6 95
463 234
689 977
102 163
251 209
966 696
968 679
819 71
771 487
270 85
757 124
118 980
211 242
854 738
982 909
894 46
930 639
182 122
5 781
225 18
795 807
228 552
636 859
527 297
431 644
430 628
416 163
915 819
405 701
56 138
418 497
304 769
650 363
703 487
427 926
137 79
821 744
430 743
188 45
308 480
182 339
203 695
645 442
350 432
613 827
483 391
698 850
447 32
93 769
313 202
29 876
114 275
860 287
491 593
700 913
147 787
460 378
206 697
962 866
373 226
534 633
868 834
505 410
910 108
658 509
953 609
384 478
274 959
901 897
367 878
885 434
890 710
600 599
558 191
286 929
213 143
433 230
736 852
237 174
845 868
994 404
171 381
405 766
852 487
780 913
617 925
622 99
713 773
662 575
230 769
662 241
666 111
533 686
668 287
147 913
156 656
450 776
786 174
644 254
237 604
205 785
367 774
867 819
464 628
411 449
340 913
736 259
324 715
488 514
610 925
718 802
305 124
830 373
998 175
744 843
84 993
965 621
169 360
528 210
362 143
696 174
454 537
366 719
129 233
973 192
993 39
495 100
937 734
744 271
3 869
465 654
744 139
407 475
361 128
784 751
897 236
535 316
992 302
884 959
277 215
189 650
775 135
944 823
662 16
199 981
358 631
894 240
952 630
112 696
757 690
955 515
556 579
704 348
887 51
779 394
874 587
610 393
748 987
801 855
8 765
181 412
602 26
770 331
368 578
956 648
22 179
371 463
896 169
541 877
250 39
929 576
987 745
489 518
461 68
733 880
990 624
894 834
525 296
944 740
418 907
46 601
285 511
585 150
451 11
938 215
883 473
755 396
772 748
540 800
161 847
120 701
889 675
817 398
748 579
559 695
761 257
93 392
608 153
451 511
629 886
208 131
501 770
279 236
928 967
563 536
69 665
366 372
501 184
14 190
547 151
493 158
865 157
911 903
645 695
62 262
100 777
399 566
529 166
639 71
967 954
42 776
471 124
37 76
374 545
755 484
793 140
522 370
890 904
905 875
708 25
304 314
69 864
534 892
172 184
931 314
317 792
2 977
368 236
386 967
443 794
384 968
45 472
691 701
713 630
803 779
808 180
555 832
130 448
277 996
75 98
556 561
761 244
62 190
317 942
446 729
46 834
97 144
535 49
253 91
205 719
77 269
424 503
84 218
64 499
684 256
730 585
160 876
433 2
675 921
790 1000
901 289
709 316
63 490
965 745
495 877
162 691
622 688
312 337
536 870
221 212
42 710
371 814
347 506
687 124
227 895
213 901
7 571
159 916
736 606
845 999
683 339
103 781
334 28
235 880
373 207
958 967
17 551
433 170
827 606
931 202
736 461
805 749
271 983
95 187
812 191
351 205
979 726
889 53
530 904
42 970
103 957
933 808
533 243
94 556
349 487
665 542
749 553
944 649
279 907
713 47
908 40
984 82
352 388
17 330
382 113
220 116
972 81
629 357
663 993
423 124
756 850
634 13
584 388
31 60
380 63
307 329
378 177
610 114
403 240
352 366
494 921
61 927
134 128
65 68
670 86
105 51
412 916
967 95
36 579
333 649
167 701
224 861
975 175
188 179
27 128
136 974
321 312
636 900
481 422
676 200
418 712
793 897
455 205
917 738
463 516
556 179
166 798
978 967
282 645
9 75
743 16
681 620
69 859
490 800
324 383
500 330
431 268
756 983
633 875
717 840
559 642
172 640
267 2
488 96
197 498
126 424
16 727
697 295
713 827
684 337
756 838
499 45
62 339
744 774
636 812
874 99
857 41
892 819
235 653
591 749
326 809
954 187
37 869
386 242
117 822
351 819
796 92
616 789
102 853
430 326
31 780
195 863
89 448
125 599
823 815
771 656
369 13
556 759
353 331
872 794
732 970
834 442
94 219
34 49
912 464
534 108
414 68
613 147
243 410
283 234
580 411
562 88
760 974
237 283
865 670
277 588
810 578
885 675
355 172
727 959
774 379
610 384
260 65
569 435
897 590
952 655
772 752
156 381
832 496
426 507
723 259
762 298
854 412
27 957
341 370
17 529
658 545
346 306
94 972
927 344
700 228
851 112
944 702
467 196
603 326
344 58
141 454
715 410
934 888
178 652
353 864
71 185
852 209
393 537
764 819
252 240
505 490
929 789
345 816
282 576
144 255
105 614
131 577
722 475
686 269
712 904
905 857
917 863
715 783
935 29
314 691
385 641
225 543
815 699
780 436
995 547
195 758
624 873
586 560
770 565
199 877
296 970
115 504
226 640
387 562
998 594
62 447
85 122
307 551
253 815
552 442
329 300
934 883
918 153
42 254
396 28
651 318
83 285
871 219
713 143
413 10
490 940
489 700
905 718
384 203
520 679
475 900
64 611
354 986
321 990
139 115
50 193
197 126
698 374
221 701
862 949
958 428
564 641
336 355
384 835
27 723
590 312
433 810
654 620
363 641
220 160
609 22
424 80
723 75
227 357
799 683
984 40
379 436
364 877
878 964
929 119
404 737
870 185
944 512
563 108
693 656
530 338
7 560
56 715
435 481
812 551
790 277
993 834
539 23
868 999
154 59
872 482
817 156
286 532
86 337
141 271
894 599
74 876
951 201
713 280
701 140
650 827
974 552
136 348
528 826
995 829
251 92
693 109
623 823
267 357
366 657
717 855
148 121
540 752
905 931
247 8
691 59
784 759
413 702
824 99
346 747
682 802
262 335
341 692
164 566
