931 2536
708 701
232 57
553 801
18 121
21 727
577 337
669 822
393 80
231 48
69 149
273 77
163 698
331 339
873 398
672 570
75 259
493 571
792 782
595 418
851 579
483 38
170 59
105 480
723 454
102 508
675 532
712 234
533 841
863 525
483 530
666 900
629 816
522 474
760 65
45 788
447 234
407 852
769 662
310 205
295 716
498 814
705 398
263 313
571 894
350 882
561 335
512 506
713 431
18 216
93 383
863 432
904 734
679 681
539 832
6 745
208 645
889 113
532 512
882 48
810 366
886 157
7 619
302 322
527 783
144 497
633 690
317 799
709 88
931 489
474 523
728 850
879 729
629 770
670 145
206 843
487 636
805 449
57 182
612 587
582 523
717 646
352 710
352 11
23 928
597 523
11 303
638 377
231 829
680 772
473 522
58 920
891 498
2 786
360 106
584 927
325 142
642 758
311 736
632 907
49 324
329 465
729 861
860 574
518 476
154 137
65 802
604 206
661 113
793 297
407 915
251 699
363 63
865 572
36 292
212 838
726 125
485 374
73 230
386 720
459 873
209 380
797 403
539 717
2 480
627 290
167 880
3 723
522 321
29 186
218 373
255 413
830 597
594 866
572 879
602 31
11 601
163 211
439 379
169 184
849 123
764 709
297 324
235 254
900 654
444 258
687 326
428 196
656 154
395 846
676 213
162 504
493 53
668 818
689 659
612 179
86 497
472 389
274 647
517 345
919 558
811 481
150 327
561 364
869 886
525 265
88 864
248 315
455 14
95 39
497 284
136 587
193 622
211 891
414 491
39 17
158 417
622 831
534 283
155 685
372 861
836 331
843 888
681 755
354 85
650 578
295 180
392 483
324 658
143 309
59 493
114 647
663 835
342 490
859 188
479 190
381 432
452 500
649 302
597 726
588 293
111 550
114 617
812 80
500 111
270 145
643 665
863 370
425 598
406 410
779 246
377 743
691 120
160 75
531 483
142 383
591 654
814 811
360 514
752 895
569 415
308 181
883 196
421 600
101 756
466 435
628 763
596 823
463 354
275 335
846 289
44 299
444 192
101 470
689 365
410 397
545 555
493 247
40 77
166 104
278 91
174 615
871 775
690 785
770 63
234 661
809 287
422 396
528 433
547 34
733 851
919 733
464 289
869 793
527 392
565 69
587 661
608 894
364 215
883 833
683 134
812 469
188 914
929 215
417 496
659 113
328 714
66 182
675 730
782 674
531 171
588 904
256 278
149 751
888 263
927 304
146 365
531 280
620 211
78 596
155 252
89 811
454 903
55 921
130 306
258 296
82 689
159 567
576 552
350 280
797 465
263 533
267 139
868 359
424 927
481 261
103 540
451 71
252 487
475 406
679 425
868 668
908 474
692 479
683 10
736 652
173 489
451 302
514 890
434 461
193 580
563 581
361 61
754 402
23 624
133 509
186 86
302 267
750 578
713 289
551 695
214 840
1 171
256 514
441 412
153 16
65 182
800 538
175 675
877 740
734 29
739 361
577 326
298 276
232 817
800 62
473 871
200 100
384 672
524 708
846 912
718 524
526 71
819 686
424 81
922 752
580 577
906 508
763 278
875 304
924 515
928 913
432 96
696 738
731 766
693 115
642 175
181 721
402 789
55 589
810 227
593 836
355 783
290 702
291 308
627 379
244 714
315 682
836 844
905 414
838 859
342 575
364 726
419 5
459 753
280 765
286 866
177 542
407 830
316 510
496 378
579 794
140 227
806 231
790 760
555 350
318 625
79 660
676 140
920 864
170 131
499 331
15 674
342 566
843 680
113 414
658 200
808 229
664 618
365 512
556 21
502 443
585 719
734 246
196 741
24 899
388 822
762 810
300 29
229 385
543 702
85 147
784 338
326 435
143 667
274 278
185 478
637 586
819 224
453 143
199 848
348 123
619 563
335 730
636 120
466 599
913 435
566 407
663 182
648 800
840 733
322 812
876 139
466 153
680 593
883 276
352 279
206 438
924 68
688 495
748 699
469 668
382 215
478 241
831 120
754 712
432 696
470 448
661 537
58 149
391 653
692 385
264 667
29 496
552 569
916 568
919 828
439 843
202 677
433 227
660 904
650 361
560 300
711 896
414 174
849 564
758 467
343 141
328 698
438 126
648 665
830 58
101 837
858 246
623 42
287 788
24 920
421 698
519 402
885 339
264 785
264 166
321 907
287 193
472 9
880 843
516 124
312 690
732 121
137 118
230 576
581 669
438 267
494 468
354 718
190 440
338 481
201 815
112 61
446 298
927 23
640 36
456 806
323 621
485 454
32 654
507 114
487 621
36 689
330 537
347 493
745 580
873 82
106 573
218 687
384 406
37 612
597 438
10 723
211 337
912 834
914 445
573 88
634 531
174 438
379 672
72 579
254 693
517 422
905 348
267 193
838 183
699 194
610 334
539 259
150 542
154 303
448 726
398 121
18 878
761 256
100 694
858 743
823 39
539 506
336 517
8 98
132 825
131 819
775 522
153 783
431 200
199 137
854 241
147 412
572 30
147 518
799 730
307 674
656 240
327 607
737 74
98 516
615 500
229 580
593 222
723 504
233 132
290 827
69 30
370 842
443 567
582 11
892 919
198 746
773 244
668 769
578 332
796 224
174 820
67 410
475 596
6 43
104 362
273 310
534 456
459 437
352 361
305 303
802 445
558 888
814 230
543 59
285 343
502 627
644 20
166 336
421 552
10 517
801 236
783 52
803 279
648 873
121 540
28 845
432 915
146 106
718 683
831 519
478 821
430 636
563 455
376 720
566 133
235 221
788 797
109 700
888 558
331 718
25 866
454 626
296 161
886 529
371 913
500 385
773 532
215 149
508 14
185 546
701 445
260 94
506 539
838 488
513 300
881 765
627 548
506 277
187 237
614 579
560 406
62 337
465 387
410 516
321 572
478 271
531 170
537 87
188 287
118 653
254 918
510 43
577 41
889 725
912 781
164 682
417 813
169 463
614 747
213 926
332 541
721 13
613 55
580 267
675 706
698 673
548 872
44 56
905 546
104 723
856 504
273 240
812 642
227 76
483 633
121 273
929 375
198 924
752 579
513 571
861 85
894 9
283 229
142 40
705 311
392 705
102 417
271 587
201 112
38 791
795 648
779 44
599 210
40 780
756 450
297 227
405 898
762 572
493 916
790 536
134 211
107 101
793 748
596 554
836 566
909 190
472 32
145 721
705 58
420 477
286 411
761 478
335 226
802 331
181 323
844 804
828 417
521 177
617 654
104 848
806 146
538 385
145 206
425 432
753 684
737 234
276 783
260 372
43 12
17 617
54 534
715 744
807 70
516 804
439 919
117 776
429 254
179 160
160 611
623 677
331 301
684 85
815 568
121 292
34 737
279 753
34 555
920 398
818 904
311 860
899 898
226 319
887 459
875 86
31 401
273 760
862 336
476 187
477 803
560 686
178 811
385 795
98 43
498 900
636 98
696 514
311 301
654 894
157 125
730 515
591 572
261 628
335 72
393 644
718 63
158 345
696 149
16 513
226 563
792 807
870 395
537 379
613 379
709 514
926 24
327 533
918 748
207 245
427 67
156 854
907 768
394 853
399 365
879 722
221 622
258 654
297 38
706 410
725 430
434 249
787 400
382 212
491 642
720 584
203 444
774 309
596 445
778 910
671 888
671 183
838 845
86 491
22 542
492 265
610 209
96 886
152 83
746 97
265 495
837 17
490 870
844 69
790 324
918 265
867 774
9 351
675 516
30 75
354 302
397 508
260 876
682 756
700 763
864 659
208 855
745 919
136 713
639 824
286 272
349 249
509 185
735 341
807 840
424 379
196 616
409 703
331 282
312 143
420 400
499 236
483 723
852 115
321 906
657 816
32 648
363 716
637 596
912 829
53 297
383 760
920 55
277 203
281 7
372 516
673 833
624 464
255 103
240 383
555 293
921 485
296 587
850 142
649 566
83 923
228 805
163 358
20 786
228 925
344 92
915 551
470 38
148 513
554 524
791 802
65 592
815 168
509 773
516 576
369 197
707 301
381 907
505 56
585 99
343 808
87 599
40 83
208 143
120 66
27 895
46 201
396 136
565 845
843 615
715 881
268 700
530 615
108 637
679 401
424 411
147 787
191 316
781 321
639 838
401 298
203 226
186 924
525 263
234 90
14 820
698 390
78 785
9 782
856 220
178 504
589 922
579 377
475 70
797 568
249 258
395 889
880 428
915 232
701 178
313 753
130 300
331 501
67 37
846 324
593 904
84 477
162 409
662 362
520 389
872 35
490 615
192 404
347 12
2 52
851 396
411 862
325 823
144 461
492 355
780 519
346 680
196 764
851 746
377 803
379 253
72 14
338 866
894 458
490 59
261 99
275 698
598 761
834 272
550 427
884 545
240 363
501 420
177 396
768 44
20 846
497 261
297 416
559 56
617 193
763 46
851 495
525 846
802 437
508 892
181 611
584 357
687 222
269 192
516 412
75 708
666 628
205 88
356 686
887 292
659 591
61 239
30 428
345 811
738 53
350 279
768 196
825 163
648 570
501 207
817 198
912 580
190 823
880 456
99 418
256 391
886 210
542 848
729 584
228 584
928 248
659 674
569 908
72 212
697 301
186 753
280 374
712 900
636 580
148 579
320 722
100 635
176 193
468 586
530 6
588 331
745 538
300 354
564 695
30 704
39 199
632 313
874 628
31 20
370 791
21 697
429 345
453 24
319 99
924 813
158 615
250 524
894 486
895 508
635 432
723 390
362 85
662 765
437 715
263 41
528 753
879 697
572 791
884 692
421 813
780 479
322 396
879 883
860 583
691 390
837 171
490 589
699 326
189 855
48 441
323 698
414 263
21 101
402 640
441 427
207 281
180 317
551 798
775 572
759 731
585 343
766 699
108 559
567 101
435 92
200 546
663 566
101 927
620 804
415 759
777 588
670 496
154 367
846 651
91 185
378 340
675 470
400 227
773 558
796 404
798 400
66 249
404 602
66 201
47 596
174 505
398 652
113 259
774 312
133 576
833 848
858 50
165 394
437 693
412 658
742 266
524 902
105 170
416 32
125 738
787 99
25 54
873 736
838 626
786 217
878 836
612 270
650 47
392 766
480 208
525 722
875 507
398 802
698 307
58 748
374 451
23 830
652 142
411 878
357 43
801 58
839 237
785 830
643 843
348 520
117 906
887 737
902 327
229 572
802 622
308 397
615 786
719 578
291 103
10 429
156 73
394 850
550 322
493 189
336 878
619 614
469 666
308 118
863 83
818 848
308 594
419 58
687 397
600 850
218 278
202 537
99 626
868 332
210 691
851 707
746 513
121 431
778 490
429 537
678 84
671 191
450 583
821 185
15 118
742 801
225 240
741 423
539 930
349 687
150 288
618 798
434 281
716 762
129 123
421 109
645 600
890 709
874 795
525 765
782 611
163 497
624 179
338 588
446 515
30 649
896 589
307 507
806 350
299 500
85 135
394 163
789 794
574 512
576 175
865 487
632 83
322 330
416 779
255 877
127 56
617 412
166 620
260 737
138 711
779 486
49 370
452 198
769 759
20 898
313 307
21 610
315 19
667 806
657 185
753 784
856 884
458 419
405 14
558 60
651 580
17 352
424 579
516 155
413 395
8 125
469 409
156 538
146 769
832 79
577 353
705 61
484 779
693 494
702 834
683 159
460 729
390 768
617 92
873 573
124 527
511 413
731 196
549 384
219 488
537 917
624 380
596 763
909 557
445 614
372 698
122 725
892 811
166 175
291 810
884 747
372 809
855 353
471 120
348 627
111 396
574 876
105 232
140 908
508 227
328 180
385 390
151 922
776 668
597 326
563 1
103 15
824 30
606 97
474 46
223 425
276 661
67 59
713 715
454 759
680 114
759 664
578 132
194 208
875 458
254 867
437 380
864 728
494 263
719 799
335 742
672 432
656 26
640 228
197 513
163 122
92 396
576 449
722 685
887 720
173 77
146 113
554 114
440 505
848 859
685 765
62 165
636 365
924 769
552 846
644 135
917 47
85 720
153 676
408 604
621 656
768 817
828 77
329 784
243 522
713 64
424 886
422 106
652 851
623 420
558 790
465 392
636 785
218 931
735 207
187 400
925 398
26 421
847 45
356 131
103 92
748 279
568 416
381 133
184 116
800 243
930 906
299 872
536 888
205 850
439 602
885 646
191 895
214 350
786 333
238 80
592 710
557 420
744 181
391 466
128 650
438 875
920 768
886 277
376 478
449 11
252 491
752 132
79 28
118 562
855 506
414 228
610 612
207 269
175 355
584 587
322 618
352 368
685 744
376 811
216 170
307 606
826 462
341 224
668 445
858 58
141 828
715 596
175 566
414 239
256 217
900 292
383 719
797 310
305 822
488 82
864 925
497 303
443 928
447 242
511 735
833 499
741 218
389 512
475 480
257 853
797 851
869 358
855 392
248 378
125 726
380 196
917 362
652 444
374 352
654 342
90 181
73 219
533 501
846 673
87 320
605 365
238 212
352 509
775 489
852 442
709 479
159 836
272 675
60 232
57 629
362 534
419 238
590 86
504 668
174 388
660 701
459 916
260 374
387 262
869 438
616 742
521 771
103 439
639 138
114 829
222 117
775 588
144 827
719 147
349 900
190 614
781 758
799 235
585 512
489 206
713 417
223 901
350 360
595 14
779 520
461 203
724 44
284 208
361 706
732 60
916 352
590 379
684 447
244 326
318 30
833 751
216 53
241 456
330 694
794 65
172 711
381 300
607 248
233 559
771 188
524 41
482 21
490 901
594 600
133 551
247 803
711 144
142 832
529 860
351 200
865 401
153 64
542 522
599 826
910 899
549 540
825 284
20 656
66 200
39 112
166 632
794 177
722 434
338 712
85 402
711 137
707 852
482 532
565 452
605 226
625 748
403 487
641 102
496 275
912 848
677 107
58 925
423 57
595 600
375 335
241 13
1 587
419 686
349 27
891 917
655 692
837 908
610 714
203 864
354 835
703 87
636 26
356 671
842 514
139 98
822 757
34 730
222 224
275 639
317 788
286 861
930 87
896 486
37 181
621 108
90 558
401 103
737 269
388 721
740 270
136 553
782 608
898 430
23 836
339 147
693 86
713 776
718 70
77 70
186 904
306 62
642 602
516 157
738 582
630 23
45 739
447 165
340 926
81 234
233 551
618 788
734 303
773 134
779 796
7 135
725 495
469 490
513 713
556 92
884 369
907 651
272 472
931 566
272 771
534 623
114 858
778 590
800 581
325 529
379 232
382 722
691 744
918 820
504 151
389 359
193 215
174 115
476 546
426 852
300 752
742 556
85 748
176 380
178 148
275 316
20 438
299 194
923 601
690 324
448 615
602 607
264 816
510 229
381 751
740 340
260 577
64 66
463 122
582 786
842 490
53 918
112 382
557 923
320 753
780 804
638 517
344 44
770 133
257 786
617 270
564 726
854 493
180 20
515 235
96 486
615 42
23 384
123 450
419 175
166 114
333 344
523 703
453 628
400 512
721 748
926 548
225 509
562 574
263 758
499 517
53 597
26 451
653 806
105 555
306 449
143 803
681 760
684 22
231 858
230 333
515 612
551 354
347 768
403 95
614 551
155 526
506 829
675 673
881 927
826 104
258 419
445 686
725 657
745 120
568 216
711 418
182 729
844 718
96 79
173 506
190 552
806 568
184 332
884 15
443 924
543 747
693 154
646 671
862 344
874 878
657 697
308 612
426 840
758 857
245 885
611 210
576 464
542 549
731 861
203 17
918 888
386 393
336 41
597 892
545 878
67 171
370 319
423 854
784 395
217 843
783 824
158 289
511 180
786 668
504 740
613 163
336 401
708 813
444 543
690 355
217 472
181 23
52 654
117 391
649 587
448 772
530 245
605 687
394 237
795 251
244 355
101 747
619 543
251 537
408 634
663 495
83 682
182 686
526 488
507 91
785 421
226 834
826 244
699 878
423 102
200 545
53 37
865 349
701 634
752 896
500 176
391 451
233 110
33 25
566 726
186 60
594 81
924 815
319 823
602 807
1 843
436 241
903 309
372 470
529 768
733 555
717 486
537 269
331 122
591 445
389 411
543 885
30 600
381 70
399 539
10 262
746 473
822 612
159 694
241 151
613 578
390 752
910 828
178 205
857 619
142 336
80 534
202 656
631 311
615 435
697 904
130 283
909 35
838 459
913 349
470 209
189 908
708 885
907 893
825 636
296 105
905 853
12 57
158 509
415 753
930 823
695 195
623 678
447 906
178 522
512 481
362 542
261 743
899 862
446 860
80 336
895 632
141 637
201 466
2 216
404 145
522 476
795 854
631 665
26 69
246 597
791 318
775 725
390 808
299 773
817 362
394 141
505 595
325 344
678 259
96 112
369 761
462 99
7 843
746 541
122 275
764 285
471 837
519 353
81 448
318 439
306 381
707 824
502 468
843 677
625 749
914 798
547 899
849 18
371 754
874 593
104 428
714 557
787 654
539 839
25 379
560 789
602 36
773 170
776 929
281 453
766 246
325 878
878 634
165 442
735 919
762 614
413 518
879 193
417 920
532 310
860 843
592 676
555 296
3 119
205 676
369 747
392 340
157 76
757 594
447 695
742 100
138 779
929 473
265 73
404 29
43 311
99 233
119 576
29 888
451 880
124 314
911 752
3 889
740 41
43 779
299 677
870 267
450 779
739 732
850 146
632 801
500 370
281 744
46 194
104 410
732 549
561 896
476 235
544 498
433 898
469 682
398 448
37 801
333 661
7 596
211 530
711 448
215 657
225 271
920 600
676 501
87 902
583 774
756 916
870 519
564 85
124 393
690 744
670 132
269 160
347 481
775 108
858 418
476 335
531 579
754 521
825 319
292 485
847 373
773 626
171 579
596 171
484 410
856 355
853 895
787 320
149 762
496 82
465 616
708 393
912 612
96 369
370 368
835 457
523 20
544 714
68 435
568 192
677 189
110 733
392 481
48 323
378 131
766 424
14 141
895 241
416 593
20 233
501 327
543 160
179 26
436 921
403 80
408 923
464 418
63 410
356 557
565 521
103 510
693 63
568 397
666 614
648 37
647 23
116 891
134 110
248 585
51 72
214 472
6 868
197 518
346 192
697 600
845 591
310 815
83 377
317 738
357 821
448 639
50 927
438 533
917 885
42 360
619 232
340 511
525 835
209 913
480 319
564 356
433 4
896 700
559 832
909 443
403 128
586 213
422 795
169 773
833 318
379 162
282 338
357 457
527 54
638 858
458 301
792 80
259 276
743 791
652 805
601 210
547 742
594 545
758 212
651 644
193 185
690 896
506 160
55 820
44 401
565 652
285 783
511 715
863 358
95 904
519 79
192 467
416 614
715 897
700 577
93 877
349 216
61 324
742 90
264 229
909 150
52 279
439 459
612 463
540 406
671 251
877 360
808 134
865 608
534 481
523 906
763 257
527 407
310 389
472 764
395 211
595 111
387 594
275 349
887 672
349 848
345 808
275 533
916 525
666 856
849 392
351 615
155 469
232 406
3 139
97 228
188 653
140 616
897 760
2 467
314 794
902 444
409 467
928 711
641 776
753 153
667 899
355 654
746 575
580 388
638 847
658 706
364 346
922 898
284 206
325 65
608 413
439 473
136 584
687 824
707 451
174 741
30 227
408 877
439 651
597 74
692 785
865 824
208 744
294 72
904 801
14 113
408 523
271 322
75 543
97 59
760 591
392 826
856 910
660 293
144 862
91 556
462 704
611 386
576 224
207 599
375 214
858 188
694 229
785 703
557 542
616 443
784 615
686 747
710 362
420 147
519 27
743 615
619 925
12 146
865 509
332 265
464 417
467 530
156 748
881 842
128 814
273 256
78 38
317 44
104 114
125 900
533 365
168 718
647 661
27 686
434 91
159 847
398 397
736 364
496 480
461 200
136 721
656 562
224 457
420 233
918 376
133 870
192 659
444 572
529 898
517 896
277 465
188 327
903 200
593 683
653 221
429 321
303 434
733 424
878 766
110 51
535 86
685 453
707 447
121 320
866 336
656 476
222 582
282 174
12 128
827 582
519 158
426 686
483 486
33 512
892 780
126 807
206 432
527 159
915 91
787 834
205 584
518 566
170 704
333 820
530 407
292 371
596 289
377 570
141 82
688 679
18 671
205 799
594 779
96 723
667 54
460 776
64 726
673 760
158 309
605 478
329 67
83 633
87 377
875 655
218 243
221 70
496 390
670 700
892 119
759 449
767 257
880 560
165 266
368 723
574 183
28 22
323 808
293 86
117 839
579 901
802 838
512 21
880 841
863 654
535 125
792 762
522 914
707 863
409 640
399 686
516 1
754 564
620 894
645 894
298 648
903 270
504 775
376 572
766 436
142 423
682 111
85 902
429 841
285 15
735 309
496 37
894 217
286 54
307 920
438 808
25 501
387 762
82 916
543 490
575 412
87 485
714 459
71 367
685 512
430 506
253 685
811 179
222 717
28 100
530 729
395 389
587 904
70 188
201 931
442 770
316 815
261 47
409 174
618 1
781 499
880 434
2 492
3 258
243 563
561 284
562 47
156 887
430 402
89 268
566 782
701 45
133 827
781 213
910 925
295 897
334 18
285 684
103 371
398 288
407 367
506 148
416 207
201 441
402 549
455 888
855 474
731 168
456 148
273 174
681 57
310 670
369 242
483 681
579 835
526 894
727 156
858 736
505 632
611 370
133 256
615 188
184 923
560 794
199 3
119 694
635 473
565 751
493 627
296 177
340 761
334 905
552 148
328 844
927 543
559 764
288 548
612 830
924 607
262 850
110 928
925 765
52 258
345 312
736 920
643 314
650 251
787 119
175 430
434 724
308 91
831 498
118 438
745 546
592 736
49 726
9 280
857 874
624 614
144 336
805 202
601 711
121 602
879 265
665 630
315 829
744 217
431 888
569 607
503 305
55 328
165 589
702 669
388 154
409 448
569 712
254 39
534 85
80 369
116 12
334 511
544 922
545 557
803 830
75 922
462 532
345 855
562 454
922 413
100 36
889 614
232 874
324 471
662 637
406 319
480 525
781 510
104 904
671 280
86 808
215 571
716 695
473 579
720 749
747 434
405 153
727 131
252 572
623 543
681 311
368 33
847 907
669 368
688 884
447 387
820 337
537 656
774 232
27 15
35 520
146 815
512 576
404 723
484 478
507 474
30 210
346 641
889 76
528 278
484 567
656 288
103 848
366 841
866 315
5 894
337 197
715 863
234 689
307 391
475 492
758 484
137 766
765 14
610 167
82 89
600 113
636 631
175 672
660 682
293 399
488 239
520 679
207 585
180 621
699 590
385 215
411 264
745 201
33 136
113 493
115 449
558 599
925 433
784 752
86 119
488 695
325 363
201 341
868 173
928 912
726 71
175 370
514 847
350 518
735 874
630 830
547 650
161 475
623 127
663 398
385 659
655 709
432 658
841 172
824 244
699 346
717 855
928 879
920 647
82 846
867 146
587 864
92 97
23 525
266 770
