959 1377
371 484
423 231
660 325
475 621
61 151
544 837
544 191
121 866
802 5
567 749
398 61
761 181
373 135
273 393
602 830
14 367
360 493
660 162
845 90
487 43
402 769
296 942
705 931
782 484
920 877
724 594
657 209
77 88
829 51
5 470
734 80
884 613
494 436
243 257
783 152
788 867
200 460
368 606
363 725
626 520
455 328
387 655
230 413
626 923
116 476
835 839
44 667
859 749
53 452
425 811
718 751
224 932
725 778
419 493
656 563
163 42
772 494
483 841
467 566
214 747
110 93
862 422
266 176
31 750
379 537
471 105
890 560
620 438
783 424
720 458
333 612
475 776
884 626
497 283
578 603
189 165
634 530
564 538
178 950
881 871
110 563
590 889
32 535
667 21
77 862
762 268
52 793
219 539
610 328
501 547
598 292
213 778
568 375
507 549
210 512
301 621
175 322
802 50
251 831
165 713
305 555
608 38
564 827
852 658
712 655
552 557
240 612
284 648
471 156
396 337
515 325
952 821
534 277
864 732
818 887
378 288
433 102
174 937
677 62
249 524
930 685
218 62
937 708
646 236
535 310
671 673
38 683
204 537
426 844
7 281
73 485
499 584
688 203
820 53
548 146
186 744
432 211
115 521
170 842
338 655
687 355
758 326
731 461
144 417
64 328
216 852
533 117
115 752
220 734
467 489
213 512
758 804
216 868
280 93
797 648
358 97
798 711
748 218
772 771
441 959
369 682
356 46
66 769
741 735
129 618
828 903
65 479
395 292
349 458
8 927
482 375
893 653
822 838
4 509
703 811
283 302
74 684
766 71
933 254
822 68
720 949
210 468
749 866
18 236
205 207
788 50
8 116
810 905
944 395
719 225
387 223
44 479
249 59
599 225
658 523
810 862
388 102
112 219
210 21
785 549
882 889
702 274
87 458
808 769
276 62
246 146
121 865
857 372
305 151
701 443
826 380
182 549
883 271
277 479
243 419
407 161
432 237
760 945
875 406
904 315
29 939
872 869
959 876
469 555
717 938
471 648
862 918
677 409
698 569
664 371
315 123
44 347
63 339
16 641
897 837
405 102
342 436
442 416
153 819
83 430
525 59
450 416
142 128
804 648
43 320
442 207
174 309
250 234
513 619
117 122
283 280
413 511
434 283
733 256
272 476
201 458
942 500
218 565
41 20
798 168
177 31
753 793
55 218
455 796
459 658
614 730
407 914
746 959
817 805
527 909
717 441
351 529
874 590
913 311
352 427
189 791
664 734
705 215
640 806
848 814
812 394
246 447
836 766
249 631
334 786
106 241
475 300
332 453
280 227
65 198
841 518
28 919
185 411
717 728
295 300
885 193
423 774
108 831
115 385
29 316
661 695
205 826
276 651
907 660
801 316
947 528
596 809
389 288
566 174
859 349
57 400
22 429
855 905
200 392
934 24
534 637
4 536
267 103
434 835
311 732
379 421
125 579
199 316
254 687
445 860
106 529
19 155
262 375
941 658
513 577
372 661
907 642
451 628
720 213
495 51
686 159
120 288
835 164
505 311
533 250
916 856
425 264
27 51
483 30
855 483
730 5
934 443
166 474
875 811
125 456
828 739
171 119
554 9
95 732
486 540
31 325
76 626
558 576
854 577
397 715
396 853
435 287
534 98
591 793
117 385
463 181
360 20
72 211
393 461
552 801
420 786
722 770
403 548
116 736
720 82
516 362
653 612
195 958
17 639
579 241
319 778
107 394
901 593
561 703
891 711
875 314
914 370
275 362
540 335
526 213
115 82
451 481
609 648
832 383
34 103
41 674
903 763
799 570
134 400
86 819
885 781
686 285
112 840
828 630
531 896
567 880
852 310
728 764
840 833
33 461
710 250
412 601
586 841
625 402
22 599
20 275
667 649
463 431
504 639
32 353
33 341
567 400
516 613
864 654
131 641
206 824
855 405
937 307
574 461
93 149
955 173
782 649
313 272
899 169
114 162
135 632
507 804
844 618
371 500
101 675
787 762
25 858
763 324
782 405
105 914
789 493
828 325
8 931
718 891
120 716
359 584
565 301
934 82
79 483
279 310
401 867
293 853
184 503
310 518
459 248
540 679
813 383
172 547
165 524
369 203
173 422
284 687
53 780
239 869
391 538
110 88
721 642
929 587
898 464
101 241
827 314
855 37
437 650
75 699
246 266
785 37
32 424
484 524
181 518
936 635
141 750
610 689
84 706
242 19
442 4
727 902
528 141
175 858
436 460
862 431
121 556
801 111
177 789
534 843
110 624
426 854
564 717
103 597
947 476
913 73
610 245
888 452
65 197
600 50
855 619
570 259
114 541
333 231
387 348
185 267
152 764
792 833
69 329
605 391
589 152
438 91
97 144
671 123
11 474
273 461
954 742
463 808
512 632
403 675
861 274
540 618
25 265
103 958
865 935
243 325
819 621
162 229
190 689
801 446
305 433
738 284
387 13
82 301
726 62
439 797
852 61
174 474
54 523
517 557
630 755
40 601
614 744
636 266
639 271
785 244
43 24
786 576
165 747
564 381
822 72
426 828
199 335
743 628
783 948
250 743
435 404
642 257
871 348
116 819
287 732
697 93
115 509
212 606
586 654
169 658
497 336
206 226
156 440
254 611
415 25
922 905
883 661
546 438
131 773
730 416
457 284
353 339
707 349
40 590
803 117
201 605
660 700
111 231
205 275
742 122
428 814
710 19
260 849
30 895
442 691
685 811
96 103
168 404
243 303
118 274
449 231
554 927
619 616
720 603
295 287
667 837
485 520
286 102
63 144
234 462
910 415
241 299
630 496
507 104
143 46
207 923
637 584
819 647
571 883
826 904
318 350
376 555
931 485
590 864
831 606
620 309
12 482
676 841
911 745
418 783
245 756
733 833
752 414
699 902
793 551
119 367
375 769
157 78
551 759
261 938
244 291
376 422
36 90
185 164
944 151
31 539
2 271
740 446
871 291
162 370
740 269
662 325
214 925
554 514
758 866
243 924
726 150
215 104
602 19
766 440
160 609
521 511
163 755
564 576
44 105
232 473
722 318
452 193
718 217
189 789
598 297
578 400
762 46
782 286
674 959
312 303
349 876
957 503
284 301
878 253
685 397
285 736
14 422
906 918
669 666
214 116
179 585
571 347
934 806
901 657
477 372
243 369
306 51
679 171
488 294
513 683
862 294
78 138
289 590
40 179
366 314
910 582
51 728
855 611
419 880
403 565
419 394
468 800
954 339
556 661
868 842
463 621
416 621
44 625
949 56
788 784
878 715
70 308
910 340
118 127
634 780
513 726
223 197
153 571
486 764
462 92
817 518
304 340
437 147
740 105
670 372
712 196
218 462
899 931
38 548
209 786
571 271
11 283
929 935
859 418
898 196
100 457
619 837
32 46
561 584
944 596
235 646
91 823
205 941
190 476
740 709
119 221
657 692
178 359
790 573
797 858
245 269
803 268
951 618
852 544
818 925
369 465
77 555
566 721
614 450
279 399
319 377
348 778
452 833
592 902
735 518
799 686
418 832
157 144
434 909
788 761
368 575
367 404
646 385
189 234
51 514
703 639
818 685
784 613
710 637
696 369
516 512
96 97
21 615
27 347
119 394
123 569
591 552
353 393
562 392
157 26
217 823
364 15
607 98
437 870
371 884
925 390
287 456
513 524
187 825
668 168
251 779
160 127
588 394
457 102
836 719
351 139
62 655
247 511
143 842
188 686
328 825
22 951
318 233
762 661
565 548
711 581
480 801
338 173
160 340
420 753
129 817
944 341
742 806
691 711
593 618
104 244
594 920
954 528
666 102
153 534
867 373
23 532
579 447
838 621
326 218
77 950
376 526
638 337
365 454
369 120
352 400
31 287
881 594
848 575
381 866
224 388
898 517
418 402
129 557
338 263
322 940
735 446
573 470
667 509
818 206
129 772
701 705
763 776
749 821
631 159
907 223
20 796
99 752
469 377
463 204
617 429
360 461
621 461
808 203
868 813
558 428
651 378
175 297
166 612
427 60
620 684
418 106
536 675
337 56
78 128
797 867
873 88
692 814
486 421
146 460
99 512
63 165
407 616
441 482
704 797
321 447
396 590
53 918
534 428
188 374
437 528
286 927
717 383
664 885
688 400
9 750
857 319
306 814
346 828
797 344
395 914
553 122
222 879
153 479
702 773
884 168
512 641
810 653
206 274
936 883
506 236
69 431
165 924
103 271
369 308
650 21
644 128
765 244
165 52
833 391
310 503
251 135
434 349
475 165
3 538
67 367
211 786
30 314
12 865
164 82
426 498
706 448
3 357
96 833
378 311
910 260
623 319
898 202
936 809
226 867
262 950
70 688
658 769
346 389
260 290
543 42
103 942
187 594
246 773
905 233
12 228
591 112
521 601
811 454
605 830
886 498
580 683
230 187
3 194
880 918
416 539
954 929
327 52
598 462
801 357
625 89
703 959
545 675
217 804
298 530
27 106
933 567
879 400
887 287
673 474
86 716
91 557
938 46
668 824
87 323
186 624
498 373
452 262
455 763
847 148
731 325
916 689
313 919
929 826
531 90
908 298
418 625
444 477
70 259
140 269
25 386
947 757
17 648
787 92
664 220
39 315
316 924
699 584
388 843
841 207
371 408
435 651
330 585
487 359
52 587
903 177
40 2
884 643
922 567
244 866
100 203
944 12
140 431
434 616
360 97
4 730
630 457
813 754
614 88
15 527
106 628
901 485
23 394
172 218
52 456
389 804
646 315
276 544
743 392
729 202
513 504
91 200
554 61
95 640
261 268
930 319
631 942
712 38
37 35
572 530
931 523
704 499
340 775
22 42
279 255
467 735
30 58
687 102
379 687
596 937
562 530
215 825
718 618
912 237
861 951
881 406
57 385
645 865
223 421
243 283
219 537
899 683
920 8
437 522
225 394
141 817
578 734
438 353
497 46
850 340
751 163
765 419
610 308
810 786
815 838
249 97
33 394
345 392
609 575
870 552
697 204
704 479
214 204
173 734
121 707
253 454
807 501
667 783
69 156
248 447
453 491
442 483
379 254
822 902
327 952
117 443
787 157
592 186
545 289
855 196
859 129
81 257
727 788
893 524
214 39
644 31
464 294
479 923
41 716
162 901
622 302
735 193
705 103
7 534
306 832
906 460
353 154
881 537
463 213
676 616
471 380
51 237
642 846
94 632
516 843
425 493
676 689
860 739
847 518
829 23
426 372
329 666
848 357
930 576
255 56
129 9
157 475
34 699
132 324
558 743
481 196
862 185
725 239
74 19
862 72
757 830
492 950
72 2
833 601
590 367
902 278
182 770
898 60
167 812
710 825
670 954
639 744
554 915
167 18
740 365
580 364
765 355
295 724
890 532
195 151
910 178
59 110
427 73
818 851
173 661
579 942
333 165
748 349
822 742
870 649
174 880
413 126
343 694
239 842
535 393
745 542
721 102
278 694
299 392
279 747
219 337
767 541
281 935
184 698
540 431
824 747
857 168
722 579
798 163
86 58
489 361
5 539
393 294
16 364
142 476
94 815
519 705
444 156
374 144
140 722
452 123
546 464
342 56
124 601
405 571
792 261
371 536
870 441
893 419
660 207
495 460
392 461
553 28
224 390
647 927
247 300
824 778
403 60
112 21
84 155
531 348
401 745
330 618
168 491
721 388
578 602
354 231
154 949
307 624
267 485
827 390
627 314
640 541
881 260
738 678
188 909
100 290
800 925
777 536
531 31
600 47
312 161
94 228
99 142
835 514
358 263
463 747
721 914
10 49
901 303
371 726
767 394
172 39
729 12
717 788
926 475
125 327
435 262
834 448
798 746
33 393
510 274
898 842
258 55
65 905
644 42
797 233
914 272
55 736
495 818
247 562
414 769
587 71
616 202
154 905
532 584
798 826
216 844
877 617
218 652
703 200
870 584
950 880
81 503
407 827
513 351
142 203
76 737
167 698
765 673
351 356
761 453
345 187
667 425
833 414
247 915
86 98
345 958
895 775
696 455
66 150
933 439
348 166
167 546
558 465
529 763
729 869
342 954
365 507
457 618
114 112
847 454
857 488
498 473
70 542
235 503
293 309
442 522
578 536
941 31
415 136
199 79
672 241
47 294
57 684
9 126
374 509
685 845
402 203
841 924
844 447
76 324
494 512
824 713
926 406
162 35
634 678
377 654
109 191
438 53
24 948
358 380
568 517
111 924
826 776
353 604
690 629
450 612
205 120
245 161
859 682

854 1211
69 713
794 14
151 208
27 702
823 721
162 723
327 625
785 126
150 805
824 565
748 101
98 822
378 758
624 212
805 700
617 88
145 580
732 664
656 299
558 354
284 414
591 2
710 532
79 350
447 847
489 764
81 497
690 146
646 684
36 419
690 171
447 52
13 585
513 94
734 102
280 745
411 23
473 203
722 300
755 358
796 400
121 294
425 547
531 101
508 808
531 440
635 330
697 246
537 398
324 184
330 352
60 743
420 513
604 638
617 282
771 264
25 196
244 46
657 61
213 221
704 657
515 607
185 379
845 850
821 613
192 132
81 730
498 725
181 563
313 822
510 248
516 747
74 168
92 471
616 768
175 152
842 644
181 813
816 190
698 477
288 216
587 476
582 469
510 331
64 107
221 759
39 720
244 494
283 95
191 638
724 292
65 256
67 590
7 404
693 505
202 244
582 264
402 111
847 21
193 689
669 352
509 370
370 103
587 759
608 133
845 54
537 340
89 847
635 415
419 346
605 367
350 647
770 196
493 107
17 50
736 379
511 573
170 747
265 833
482 626
775 716
620 359
25 719
392 21
522 761
451 139
754 80
78 545
498 678
233 434
674 248
251 778
802 580
177 18
167 239
252 357
830 716
155 97
749 66
279 106
523 44
32 440
62 567
430 257
189 576
265 377
727 28
739 668
742 725
164 530
165 822
530 808
383 62
727 167
559 529
411 410
693 527
693 793
334 652
351 174
375 642
612 782
245 361
389 628
162 806
832 564
729 564
132 361
447 35
547 314
740 370
799 700
771 654
653 248
519 76
281 43
379 564
513 204
518 43
425 166
15 459
691 132
687 750
799 817
802 37
55 385
444 730
791 405
265 478
760 642
787 406
39 699
344 321
581 636
609 724
127 449
39 276
680 270
637 671
298 107
601 567
578 658
810 336
150 218
221 362
451 149
342 555
688 608
729 303
696 566
397 308
762 674
341 397
727 818
37 739
523 519
240 16
297 532
6 235
207 35
359 614
574 398
437 66
648 671
91 813
432 737
87 476
297 784
56 536
666 427
722 393
742 540
332 835
215 262
192 541
547 590
118 258
219 535
724 140
492 268
606 3
714 494
394 682
344 465
720 414
844 720
98 253
575 634
236 678
186 199
292 620
51 652
540 699
447 345
591 100
825 360
685 159
233 377
828 755
105 352
182 290
727 715
852 756
386 436
164 798
71 723
714 739
306 719
7 550
307 647
594 680
269 693
175 154
635 93
474 663
21 837
136 21
818 845
383 250
386 365
265 766
420 264
394 560
155 229
463 590
569 790
180 686
479 767
591 652
324 42
794 757
473 593
728 828
665 114
32 846
776 480
70 351
684 614
148 832
511 108
669 76
196 108
493 829
39 603
108 590
690 180
714 322
409 733
90 533
86 634
646 301
272 245
839 301
112 541
559 426
494 806
562 678
418 454
582 246
571 264
649 139
641 704
801 286
34 305
307 435
658 96
688 575
743 35
160 26
591 350
651 506
404 715
186 258
648 361
151 110
221 813
380 352
12 381
300 42
347 162
226 14
326 178
696 137
493 175
180 54
571 309
141 794
487 838
7 173
249 313
122 41
199 409
744 638
371 361
394 187
583 223
90 234
667 680
615 599
416 81
805 388
508 76
5 138
44 603
663 573
494 851
548 210
517 204
27 473
693 61
249 480
342 210
484 601
606 176
125 814
770 760
378 281
692 816
221 806
229 612
492 660
76 782
677 400
194 338
36 370
319 837
382 535
51 411
404 299
741 653
309 484
387 473
399 562
816 660
121 757
181 534
762 467
522 92
382 120
440 798
616 333
626 428
704 207
84 792
360 353
205 345
191 357
429 410
131 363
404 75
416 550
571 145
377 449
296 455
415 682
513 745
164 733
810 648
753 715
542 309
26 376
312 817
617 223
821 226
34 756
215 508
553 471
328 403
254 720
666 219
477 229
542 822
727 36
630 554
27 411
572 130
664 817
121 351
112 795
309 675
674 567
434 304
629 277
811 357
681 556
833 668
560 500
350 100
759 806
179 660
337 209
646 357
348 696
158 524
365 290
705 377
398 798
740 229
387 343
509 714
775 82
786 843
739 287
241 291
462 704
93 299
665 62
110 297
598 718
435 138
201 193
554 95
419 655
177 615
298 273
690 88
230 597
616 506
669 733
739 101
370 518
193 806
372 659
122 746
607 532
760 598
37 391
513 769
748 739
630 99
489 538
799 198
128 117
23 351
415 370
605 19
761 339
209 126
10 556
646 469
189 150
453 185
528 768
371 288
78 596
409 456
81 68
370 236
766 145
580 659
304 388
13 618
51 827
204 851
103 318
10 270
706 241
802 456
51 801
765 553
294 804
722 13
688 488
397 194
621 614
389 73
416 825
53 65
600 22
393 297
765 619
208 417
81 121
780 671
294 695
62 719
426 669
188 456
575 766
641 735
316 357
542 417
156 11
334 351
115 723
539 526
253 457
676 552
535 808
724 654
666 126
498 174
236 584
557 842
113 153
811 778
335 369
651 494
22 589
114 532
220 322
342 593
307 325
198 21
131 614
500 50
828 58
519 406
470 159
792 351
517 41
706 253
435 289
504 103
136 30
586 336
666 151
340 24
724 97
296 746
440 683
473 282
791 430
502 295
282 612
519 330
385 454
774 689
741 381
635 726
191 742
828 100
783 482
155 399
508 476
128 749
300 573
487 304
65 612
145 659
405 817
804 255
254 854
632 530
569 656
203 401
332 46
714 138
649 706
602 352
791 310
429 591
383 624
556 422
65 228
101 309
430 580
224 299
618 456
302 381
750 381
167 380
688 24
339 798
511 321
490 773
799 541
671 488
32 90
827 248
698 121
473 691
108 454
721 660
681 816
215 367
852 466
838 763
259 524
780 119
9 137
492 502
602 793
651 138
367 476
616 739
85 847
558 368
355 281
191 723
397 596
608 120
571 833
704 779
358 478
362 472
125 676
81 835
602 363
219 579
533 24
386 295
741 389
791 444
259 482
120 279
226 837
671 421
188 278
34 97
447 177
728 291
790 434
9 446
444 430
480 675
224 376
662 331
383 75
371 449
78 544
710 133
675 421
191 774
225 313
661 736
335 505
175 532
594 10
399 383
609 4
641 367
89 339
611 480
834 333
232 417
233 369
367 700
216 326
543 340
426 160
687 846
344 41
201 439
364 373
157 785
486 71
691 678
652 514
442 823
164 306
295 695
714 626
324 89
500 490
372 551
765 2
613 250
692 780
475 488
489 261
261 28
729 349
185 819
51 584
118 564
626 547
205 301
261 38
403 455
703 131
55 686
629 168
684 248
241 738
661 745
267 153
644 505
343 655
820 5
306 200
443 66
247 114
559 76
96 630
147 41
398 112
228 19
114 544
111 483
34 139
378 607
227 43
808 349
342 261
794 689
359 785
177 351
463 688
537 200
378 569
229 574
520 398
134 745
489 187
824 573
623 726
520 55
215 843
665 275
295 120
508 131
105 183
762 127
691 706
676 524
521 492
217 660
558 238
317 101
617 504
420 762
682 738
609 354
402 494
635 804
520 343
635 343
445 510
799 723
282 227
474 639
259 511
250 782
69 597
585 388
672 388
360 397
201 120
177 575
356 798
228 555
161 162
535 275
821 756
143 301
689 422
399 792
273 524
79 97
34 567
370 752
820 455
549 655
280 173
47 142
86 705
216 352
40 794
311 478
394 126
490 625
256 22
515 640
277 481
796 571
25 179
618 819
203 707
261 438
374 584
62 197
340 712
410 400
159 798
729 758
198 816
11 38
462 664
537 624
58 398
322 83
655 322
758 182
583 441
341 124
470 762
640 818
733 619
32 539
800 166
706 205
150 646
783 423
694 733
292 818
538 305
192 549
821 812
302 66
719 144
383 782
558 22
337 69
69 64
498 142
653 412
51 294
772 840
821 214
145 226
547 705
247 638
651 438
509 814
147 642
757 187
468 105
444 739
261 608
376 11
407 204
306 547
606 406
284 359
393 250
100 458
202 299
328 183
183 700
800 499
383 841
568 527
97 178
796 706
500 668
343 826
578 207
323 668
24 107
130 772
575 544
120 162
507 631
591 150
756 524
402 44
293 144
459 165
452 175
553 310
252 483
651 320
495 11
618 334
662 487
322 412
811 430
357 838
665 256
547 625
820 614
176 63
123 280
827 334
116 344
817 20
140 406
171 64
97 104
756 190
216 840
497 304
597 545
411 840
345 373
182 31
116 142
368 115
656 242
511 555
161 760
513 579
680 290
708 51
540 144
645 529
530 101
287 101
199 263
571 294
845 273
462 289
254 554
509 574
629 304
715 231
649 428
161 129
199 738
609 88
39 303
656 126
308 671
144 290
158 310
640 281
237 310
163 519
405 511
2 793
558 307
696 448
521 488
694 373
180 774
539 599
463 242
707 182
378 634
240 41
240 766
332 76
108 262
137 695
222 555
522 216
415 702
818 313
690 329
269 723
209 314
25 694
722 11
676 352
399 438
164 92
681 462
430 485
219 53
34 479
194 168
585 217
588 562
466 614
629 426
265 164
526 636
487 784
432 595
499 58
382 845
9 519
522 159
807 803
123 122
394 574
549 160
261 48
697 447
595 551
288 595
123 268
355 363
752 723
713 830
597 784
681 32
1 598
820 100
239 656
249 777
405 153
622 374
245 184
842 369
720 479
68 790
452 719
355 11
278 217
407 806
237 529
69 340
663 255
620 329
701 675
342 491
140 68
407 454
90 178
604 413
598 352
316 467
662 579
116 212
801 278
296 551
278 269
650 298
430 769
407 107
25 51
125 586
263 846
130 695
777 285
254 81
488 72
188 814
27 510
462 366
68 368
324 190
428 776
545 472
817 595
619 190
565 320
661 283
688 222
13 367
257 840
724 718
247 835
308 380
728 159
430 366
834 15
743 75
303 304
332 54
49 836
261 419
104 505
409 157
760 797
236 11
214 397
412 784
269 238
824 230
12 135
402 82
191 80
557 753
451 459
473 570
397 412
158 58
317 226
606 592
297 831
277 838
835 469
262 773
152 20
167 579
110 529
264 472
378 289
852 396
151 668
125 564
158 215
344 815
250 2
59 48
254 636
854 678
444 647
827 521
107 716
79 399
719 689
370 67
365 488
787 509
366 297
661 97
232 427
415 57
327 760
265 124
762 8
827 849
632 694
713 594
213 615
15 431
317 304
195 261
854 596
287 30
118 354
258 530
836 646
375 369
702 7
445 300
314 457
51 527
158 668
83 290
605 610
777 273
267 46
807 380
402 307
127 478
787 193
272 172
444 517
701 638
384 208
503 368
353 535
79 404
308 322
311 701
88 388
786 496
182 338
37 58
384 575
199 113
436 293
685 194
753 443
451 484
759 550
52 61
508 184
509 294
444 341
423 270
640 853
90 570
122 23
602 854
339 804
365 450
658 263
193 595
616 829
39 194
733 809
542 851
232 763
723 449
386 4