1000 9889
358 553
270 447
275 487
369 448
367 853
996 187
47 587
599 14
107 81
488 466
215 769
843 728
795 669
874 591
708 902
858 55
476 950
114 487
475 847
714 726
380 422
346 754
848 144
904 130
544 377
672 174
900 262
515 552
273 949
286 570
38 119
991 23
826 272
902 524
384 739
873 652
716 238
630 364
353 496
260 836
354 43
618 757
411 208
909 369
35 604
914 201
808 348
305 950
312 523
406 222
387 91
481 404
500 496
706 679
959 683
545 611
767 274
205 954
95 401
199 380
652 420
377 212
31 953
37 360
719 332
461 588
98 262
118 845
965 972
527 597
736 396
292 186
277 330
483 238
278 995
20 556
62 112
552 413
24 726
461 831
962 868
161 49
840 152
968 429
951 188
653 45
628 479
612 996
671 45
195 252
824 748
789 50
637 621
480 758
928 666
606 855
949 828
932 558
543 372
160 611
569 265
586 681
788 109
556 1
57 41
298 785
191 46
998 426
11 444
964 366
879 157
627 428
590 288
955 613
596 933
156 262
251 896
983 435
489 539
882 34
976 35
406 986
9 60
82 922
622 96
927 419
459 76
901 125
330 755
627 635
470 288
275 872
501 362
216 246
436 368
364 982
570 729
583 941
469 381
536 600
270 45
723 598
266 864
852 818
247 952
511 244
27 893
157 934
377 240
982 919
162 988
418 562
348 823
225 36
667 141
882 480
658 968
951 333
771 251
733 191
300 833
316 848
771 776
735 603
175 858
962 985
101 443
581 97
86 685
585 102
548 126
306 577
953 522
998 10
357 146
231 697
770 323
183 314
885 396
387 785
337 238
488 878
414 122
916 216
76 589
521 680
78 135
461 5
375 450
263 962
953 341
695 21
132 606
647 425
410 884
513 448
233 847
842 851
622 290
588 470
436 923
682 927
6 349
730 899
893 469
507 6
273 706
347 497
637 380
830 510
887 251
600 756
446 487
88 767
859 346
588 180
274 44
44 25
125 685
511 852
668 147
597 307
527 88
459 854
481 754
407 238
710 397
126 708
130 689
821 455
961 185
165 135
801 528
586 262
677 173
454 94
921 603
773 730
408 642
588 285
706 751
156 716
876 67
665 355
240 805
773 619
558 616
657 450
343 931
219 753
644 728
296 870
562 65
139 272
171 899
98 673
707 725
154 255
709 399
569 788
220 76
923 999
349 272
885 334
615 85
463 280
709 16
983 977
64 843
614 151
546 431
522 226
72 58
565 805
201 410
992 507
261 432
832 532
489 407
825 717
552 627
552 101
677 969
973 78
846 228
9 265
836 474
651 993
731 36
206 758
168 953
247 286
599 101
871 704
86 920
731 85
419 875
117 830
547 720
526 512
303 393
17 528
15 5
75 358
147 117
721 296
24 93
578 339
961 345
264 951
707 365
988 614
971 288
130 960
424 701
703 249
389 865
139 914
925 303
85 178
86 213
824 62
921 868
544 461
672 242
502 5
764 360
69 622
587 481
74 308
592 313
574 249
977 753
118 213
123 705
838 780
919 151
151 9
965 693
329 211
771 388
453 477
775 415
444 228
843 310
202 434
903 528
210 873
407 833
391 316
213 530
649 985
349 82
185 718
849 727
650 896
776 731
262 442
304 204
415 232
771 832
332 698
791 413
153 25
154 834
233 203
620 977
768 714
16 879
695 33
510 313
314 12
97 372
797 625
428 244
15 564
162 456
660 447
336 347
776 904
814 704
29 664
654 937
841 742
609 642
635 654
262 6
621 943
96 150
159 410
717 412
647 497
907 332
233 775
60 848
337 865
925 96
360 158
802 493
731 433
125 898
627 320
446 44
930 393
510 983
4 782
245 962
263 799
595 87
325 694
569 825
922 237
312 959
974 363
830 1
873 738
216 283
87 552
327 249
73 446
691 362
984 224
952 894
368 69
375 469
59 127
469 442
78 823
196 471
652 421
882 815
931 742
400 110
697 776
130 411
295 887
123 952
383 378
240 764
136 821
26 75
373 304
67 637
893 569
326 910
555 976
883 511
274 877
426 772
478 725
391 198
859 614
896 492
1 58
435 770
93 802
6 923
297 805
580 308
457 936
141 620
436 588
73 270
736 90
339 575
182 934
302 433
466 807
626 521
189 773
686 427
923 823
945 851
698 125
483 393
324 703
272 786
256 183
510 646
848 305
703 444
43 209
341 432
564 533
254 651
402 880
699 522
595 717
464 441
302 511
449 267
200 579
882 35
111 375
542 471
583 761
105 586
237 61
437 651
407 487
907 935
51 265
424 373
31 308
194 259
549 667
244 653
226 912
320 341
454 224
737 516
147 760
338 585
820 273
625 335
257 725
934 809
772 156
204 590
922 801
629 633
524 557
563 49
946 155
657 84
54 208
992 549
757 235
814 354
821 300
433 133
326 200
109 728
458 420
311 461
634 457
211 120
858 965
343 527
219 517
862 313
230 391
963 112
262 386
671 994
548 127
14 823
453 509
664 596
591 59
618 231
585 502
660 384
689 362
759 858
614 123
11 108
925 948
667 43
988 709
627 252
936 759
647 27
375 962
394 207
103 595
417 166
237 989
793 259
907 263
733 617
591 639
25 602
635 551
309 146
980 63
612 477
260 330
686 784
247 426
838 779
488 299
787 443
936 371
220 561
319 894
338 341
242 377
761 735
78 755
715 314
51 357
658 327
161 741
955 991
616 197
123 439
682 464
42 282
353 462
652 696
445 406
995 432
204 995
448 21
122 116
569 448
795 49
304 628
636 621
657 48
606 109
258 157
906 332
2 150
511 376
495 615
482 622
451 517
639 124
624 267
625 550
519 620
520 598
742 383
193 658
547 383
642 89
148 402
810 771
167 134
561 399
339 297
177 390
71 806
366 978
757 259
983 833
417 352
716 892
423 270
760 904
694 143
306 836
290 65
147 440
872 721
211 961
198 933
604 184
362 575
440 285
702 533
358 515
569 320
146 659
592 879
224 547
540 967
940 297
852 298
42 60
548 821
518 421
688 432
469 97
363 546
350 840
424 702
132 119
761 763
166 885
193 103
946 543
180 155
787 181
556 526
243 829
887 508
711 178
913 255
986 991
331 174
593 535
387 208
355 292
283 3
456 973
917 832
368 169
900 402
494 857
173 592
869 819
429 998
252 795
130 261
89 840
278 245
541 561
952 560
22 142
474 787
697 860
885 15
836 581
340 660
795 890
948 843
438 233
419 382
560 527
270 982
197 158
254 65
935 992
42 849
278 817
680 263
220 448
37 694
612 962
594 181
152 160
390 430
690 736
249 560
638 58
859 827
841 788
200 108
116 768
153 314
871 944
485 117
99 975
372 473
836 424
323 247
604 156
987 12
920 323
739 703
920 67
370 6
833 678
831 151
941 723
156 397
260 886
460 27
388 840
742 897
925 127
926 200
968 990
406 828
928 316
752 528
327 474
592 105
20 386
460 249
651 544
393 304
113 291
86 135
624 839
252 379
264 278
109 30
240 339
648 826
687 763
476 726
477 651
688 89
191 601
435 171
878 765
916 922
194 910
286 962
929 529
397 91
899 169
358 814
97 777
845 210
268 456
362 511
295 993
334 633
504 868
72 552
650 835
80 775
177 147
729 414
931 886
209 910
148 628
405 387
541 823
158 581
141 393
415 62
73 467
628 315
828 325
947 168
443 161
410 346
718 300
591 38
674 129
769 502
193 971
732 152
805 708
591 215
538 961
615 237
46 728
766 107
773 390
98 827
941 277
888 592
306 780
347 88
183 502
100 304
245 809
177 569
570 48
294 464
977 82
924 639
115 289
48 298
727 106
216 700
358 971
289 48
623 53
806 639
293 582
960 779
302 814
817 634
108 521
180 398
199 354
924 140
631 383
133 112
583 760
985 281
933 985
669 975
191 415
817 804
969 781
753 166
781 614
104 414
468 871
126 863
416 778
218 394
116 592
995 78
815 315
616 750
986 919
705 37
45 572
611 143
445 339
639 357
532 893
184 739
900 761
248 278
212 177
469 718
880 235
93 242
654 437
331 549
975 212
158 534
359 147
162 589
552 93
571 491
335 218
49 453
353 933
770 63
610 318
850 241
614 286
338 29
784 143
345 975
514 56
770 430
386 423
380 727
899 651
497 533
133 527
779 21
107 518
238 348
555 618
894 978
780 953
582 629
327 606
698 30
458 795
985 357
519 92
389 439
634 876
464 282
966 871
805 180
794 78
858 203
252 110
327 380
55 909
973 138
901 445
423 169
885 974
190 140
263 576
712 396
787 442
882 68
78 577
373 639
302 693
504 422
378 295
786 894
809 679
890 442
434 420
161 740
807 869
296 413
441 596
62 164
839 404
252 530
264 330
856 484
635 152
786 435
71 191
98 123
464 881
54 995
748 225
35 534
695 787
143 579
611 171
26 383
69 315
861 783
2 228
165 872
684 776
22 227
244 823
335 639
239 764
554 600
547 401
823 356
664 659
564 948
336 964
941 153
693 776
417 517
948 999
771 870
867 753
281 246
407 626
121 503
927 107
396 737
956 425
659 886
761 517
920 330
817 198
214 630
626 590
882 420
773 822
445 327
500 563
877 607
641 161
863 924
773 420
884 345
121 819
929 238
124 470
234 626
275 460
494 192
370 114
962 366
176 391
200 525
55 913
721 157
316 663
99 257
674 669
132 395
639 923
160 139
877 786
695 673
807 43
955 796
545 24
69 842
105 513
70 541
242 410
668 322
844 387
772 416
138 95
209 764
442 830
387 211
76 618
504 619
770 560
74 389
790 567
701 232
796 220
9 566
230 512
498 468
878 960
369 720
538 149
990 105
248 479
597 46
913 937
879 770
808 129
587 570
978 721
406 46
852 74
871 414
619 193
467 44
196 662
931 861
206 459
108 795
107 2
92 502
111 586
166 825
779 750
106 54
694 479
923 527
945 75
341 889
153 392
926 96
15 566
54 88
689 568
392 607
706 758
871 272
963 153
863 808
289 954
147 324
243 303
778 110
941 722
601 641
949 199
591 566
705 611
731 435
489 572
329 855
982 224
574 731
473 464
848 4
304 468
526 291
969 784
345 14
971 206
937 306
722 884
942 957
912 752
565 218
435 61
260 176
961 69
299 602
448 432
191 600
808 432
212 440
330 15
350 458
633 686
886 8
210 553
27 997
1000 923
307 277
678 260
58 917
3 12
386 924
425 674
876 133
605 449
110 993
571 593
365 648
520 817
405 273
649 659
11 646
693 942
107 465
549 138
786 145
934 636
5 891
213 733
286 415
16 175
858 769
876 570
625 894
349 342
863 749
547 135
696 820
400 556
42 965
333 194
615 236
998 252
357 204
880 907
859 774
660 349
533 201
776 934
253 412
181 175
128 85
208 259
9 502
525 934
712 179
849 14
775 290
372 685
798 65
402 485
96 551
354 535
155 554
527 306
995 359
656 825
18 286
844 14
169 922
367 987
47 985
817 714
158 450
539 625
117 613
632 695
901 81
670 441
708 628
330 307
973 600
450 816
892 360
165 451
240 207
203 469
478 89
5 343
925 646
303 22
89 414
753 903
203 418
994 427
338 583
688 822
946 262
838 376
531 352
75 876
776 345
896 910
539 42
188 52
317 920
551 15
98 297
12 121
948 669
163 511
386 130
244 242
615 989
562 43
292 975
225 260
810 813
978 443
443 977
568 791
202 573
21 231
651 368
68 198
140 763
548 200
417 346
642 149
25 561
918 974
775 979
922 389
176 47
579 355
617 948
687 891
824 634
381 363
404 75
390 145
138 246
656 519
911 465
676 586
73 923
354 584
691 891
394 303
381 212
501 696
707 485
212 973
106 641
705 708
902 798
544 710
967 828
843 882
458 476
223 220
494 667
78 172
468 789
806 213
773 916
860 978
899 962
791 720
759 220
56 549
725 92
352 516
260 799
870 762
196 925
32 854
990 35
443 812
649 969
373 35
501 30
156 861
835 786
487 31
325 192
217 463
829 208
353 31
481 66
127 965
643 116
472 410
79 102
117 223
343 557
788 910
382 237
40 366
349 508
409 63
357 977
185 544
721 566
304 178
512 631
667 75
680 301
371 122
263 82
12 466
840 211
215 309
162 419
219 190
384 105
417 15
557 106
941 459
675 227
513 204
219 391
647 121
134 84
983 161
436 804
879 496
848 364
907 293
985 517
68 879
198 810
125 778
4 759
901 271
760 727
673 224
67 145
489 583
21 544
795 693
155 530
119 221
604 591
199 293
330 596
151 582
857 285
352 851
792 496
646 511
805 191
752 468
203 12
994 369
316 869
514 744
625 43
308 705
713 752
754 401
649 779
354 3
430 340
877 341
648 461
117 480
463 31
640 881
678 281
810 417
829 131
608 565
467 190
766 550
509 455
795 396
409 249
914 530
516 482
240 723
47 529
499 382
481 223
983 656
534 154
75 739
281 32
836 982
999 394
68 376
16 211
288 936
254 71
1 161
349 369
528 205
289 863
953 432
276 67
261 401
271 712
402 617
220 736
646 780
6 111
822 205
55 726
542 220
502 521
543 301
121 974
216 674
877 723
916 497
275 491
212 918
930 277
879 234
807 121
220 949
811 122
977 790
794 836
782 393
677 605
779 37
920 658
579 887
325 122
599 360
303 287
921 980
133 316
713 880
485 699
248 687
65 15
156 994
288 298
772 20
614 933
333 822
109 975
553 44
61 285
308 874
463 14
468 368
921 922
348 990
331 648
139 349
735 611
809 775
478 728
447 619
347 502
586 785
897 858
935 902
538 92
870 89
777 667
139 59
395 405
162 376
436 591
695 905
127 576
590 872
257 84
906 875
447 329
674 287
12 410
860 246
474 297
594 38
152 45
689 506
229 1
690 533
196 222
287 673
91 32
642 976
929 686
462 697
409 563
413 75
803 735
788 105
72 95
926 155
837 996
200 503
806 460
114 436
42 425
538 868
736 865
962 198
30 654
38 181
994 727
407 480
446 350
13 617
530 277
549 567
848 880
226 828
191 494
98 82
913 308
565 499
587 426
573 377
863 73
900 453
835 949
961 209
395 535
398 942
468 182
880 158
667 16
444 175
736 720
874 436
377 244
69 214
876 234
827 982
23 229
955 54
158 532
107 444
733 384
292 218
814 67
857 604
804 125
936 845
610 316
205 760
944 360
743 120
121 473
728 687
896 459
556 413
963 421
46 651
180 953
876 686
675 943
989 329
498 292
428 191
301 839
141 798
882 446
37 989
775 99
779 100
855 465
198 956
215 118
287 645
275 325
889 673
135 337
391 747
233 819
586 713
110 139
517 585
149 469
812 379
190 291
543 741
103 818
622 294
369 68
540 259
242 146
461 500
634 98
561 526
51 584
270 234
886 924
706 180
561 671
66 23
86 82
514 995
793 197
721 337
713 949
588 7
235 245
631 99
673 227
631 482
543 825
657 890
195 967
749 20
986 966
491 300
757 569
98 134
562 569
726 780
505 248
947 977
344 58
307 430
919 839
862 220
535 750
739 403
300 733
981 178
909 437
735 999
973 814
889 467
590 280
213 905
17 150
678 333
403 865
62 742
880 316
650 783
835 930
951 365
668 418
974 583
540 405
524 818
943 968
171 903
762 404
525 472
165 461
855 394
560 304
154 874
134 487
913 527
827 65
167 544
447 530
166 756
500 799
897 837
435 683
641 389
205 510
119 992
119 664
428 163
637 475
855 260
58 224
349 959
423 408
741 365
915 960
110 308
702 536
8 612
293 334
63 198
546 252
323 173
803 663
441 954
538 584
686 704
600 897
705 646
750 503
760 403
9 239
692 308
824 228
329 778
427 504
186 977
838 901
865 825
209 609
484 685
912 662
625 89
314 907
556 521
961 127
523 720
139 999
502 25
857 62
765 925
626 325
373 996
657 247
749 393
87 870
166 371
122 200
979 508
260 40
547 251
311 451
573 44
296 40
408 738
481 508
300 592
653 980
400 6
936 88
865 342
168 226
919 113
608 737
999 167
670 989
657 418
344 931
187 447
515 962
387 657
61 474
407 690
900 115
928 989
370 750
831 847
373 457
746 853
230 66
900 864
427 650
453 434
789 168
304 930
668 943
357 214
881 804
977 329
220 737
870 367
803 290
881 518
417 905
4 581
276 162
834 660
942 600
543 300
57 578
397 946
241 304
403 33
704 860
959 60
302 785
505 237
588 282
901 499
812 722
405 740
531 906
569 67
473 470
939 209
262 582
963 727
255 561
551 452
41 267
528 787
1 949
143 374
19 316
238 944
645 144
633 594
117 673
726 965
412 277
977 721
565 506
688 806
420 143
424 106
634 223
586 346
770 901
109 607
153 957
575 902
870 530
410 20
247 753
182 560
662 782
528 366
175 389
71 564
3 300
991 615
775 698
211 465
139 348
323 523
715 609
934 717
963 140
466 588
140 834
605 18
370 613
452 956
885 258
818 509
893 791
648 719
721 654
543 343
674 866
779 490
802 841
125 126
751 286
340 392
864 242
662 293
557 177
335 519
671 185
196 223
414 146
310 835
702 577
6 72
279 988
138 208
985 979
978 541
987 109
254 572
591 615
962 293
855 18
345 477
56 808
219 308
38 968
332 237
483 363
991 327
639 972
195 319
423 213
643 787
522 924
928 347
985 286
843 840
781 89
472 246
623 389
293 456
847 817
95 60
920 542
9 132
191 489
29 478
515 523
471 873
711 119
14 477
145 82
218 991
592 790
740 645
562 741
744 704
505 76
126 572
680 872
109 946
184 631
829 89
944 813
852 174
504 788
965 649
398 606
538 509
460 819
912 194
800 432
16 495
179 941
629 429
252 118
779 586
323 598
286 622
434 805
128 600
76 902
19 901
774 707
900 538
851 76
300 830
289 587
549 317
182 318
150 344
463 259
429 495
234 89
785 607
337 336
907 204
693 723
842 990
241 700
422 486
45 304
564 800
975 84
395 257
811 906
484 231
789 962
229 181
68 885
72 368
591 635
243 489
523 235
446 142
418 954
551 217
238 44
475 650
962 184
450 68
114 473
332 96
62 73
635 793
617 502
891 243
303 353
216 441
783 43
42 29
687 719
618 1000
859 462
808 620
21 861
562 935
92 826
734 377
256 834
886 852
282 974
445 402
418 889
472 496
255 303
662 613
499 985
351 856
620 407
588 885
778 813
74 650
104 958
857 876
141 155
434 999
364 356
130 428
830 537
931 674
144 16
914 556
623 962
644 709
167 391
671 684
139 279
267 346
801 998
162 620
344 631
914 703
22 448
525 471
28 721
747 203
234 42
111 672
917 349
612 859
814 975
586 854
418 932
606 685
295 494
511 773
937 182
713 169
736 6
770 696
565 621
572 619
298 688
890 950
376 516
51 792
893 33
860 302
589 296
916 104
777 934
674 38
177 582
659 454
146 655
73 949
562 566
764 161
485 384
697 232
94 632
440 127
571 809
320 725
997 293
986 22
75 285
748 102
596 841
632 642
949 307
294 72
470 422
36 535
294 987
886 769
361 330
28 83
86 345
416 821
431 566
758 335
351 815
647 882
523 800
784 608
530 124
75 857
265 897
782 2
109 634
258 202
222 171
683 695
478 305
608 578
974 561
322 884
549 147
219 720
398 641
771 169
405 363
316 282
1000 939
676 234
914 675
76 974
974 979
814 120
728 761
228 432
768 592
641 710
568 866
870 268
723 62
874 62
220 476
884 107
267 181
548 258
896 585
1 65
354 957
153 318
915 622
788 480
827 330
974 399
461 200
279 955
998 305
712 154
363 966
324 320
551 899
608 347
591 386
404 344
336 126
778 109
427 73
195 437
143 189
237 818
111 233
780 674
473 420
436 88
42 346
260 270
78 525
209 418
252 256
137 174
359 961
877 900
90 342
701 438
316 916
685 441
708 674
566 512
381 966
865 693
886 877
676 359
678 89
526 621
344 63
425 901
407 45
134 815
126 513
376 354
879 194
438 653
293 538
829 52
278 314
106 597
268 452
587 238
435 333
143 900
754 661
666 723
60 102
282 216
480 40
857 676
177 133
861 884
878 850
592 985
596 7
174 85
88 278
141 308
589 842
379 946
947 452
457 880
277 197
280 727
412 769
177 113
34 474
804 170
92 68
292 902
684 640
520 737
49 191
361 125
366 728
491 750
81 878
65 850
965 266
822 397
35 654
297 970
488 573
290 389
863 832
755 75
112 967
367 145
501 911
391 641
713 579
896 45
293 947
630 996
467 896
410 909
927 608
87 135
803 686
570 175
150 987
781 815
802 266
769 755
39 322
740 66
248 896
389 130
962 196
213 462
86 52
416 32
863 260
226 843
317 352
981 969
9 955
751 691
277 978
939 333
545 182
48 874
571 156
970 429
633 621
596 615
430 291
514 686
217 214
249 229
360 714
268 637
718 801
610 246
586 383
591 60
970 30
421 710
153 920
533 813
212 189
782 705
490 443
843 501
240 654
765 564
886 309
386 528
898 117
93 127
19 900
187 486
591 909
176 885
620 880
15 804
749 916
590 680
941 194
637 723
959 937
132 855
552 383
662 228
441 480
278 765
7 465
208 501
746 61
653 479
859 758
881 786
914 909
478 980
386 54
591 292
43 274
941 373
879 473
220 682
348 407
98 850
668 694
885 680
872 265
764 815
547 787
219 482
794 920
872 408
416 366
207 934
475 1
66 482
303 499
216 523
497 969
592 934
755 498
856 603
216 442
56 35
539 606
652 855
742 687
356 510
536 674
89 221
34 614
97 762
973 633
653 635
502 51
105 843
631 955
558 712
78 918
320 182
178 812
416 665
187 597
238 728
866 129
619 955
601 84
189 841
254 959
18 852
992 599
455 681
158 123
499 585
585 301
969 361
59 497
166 567
339 97
676 352
588 596
317 554
101 40
935 874
210 929
249 829
840 504
732 830
680 129
96 88
802 940
111 784
646 517
387 994
561 19
689 38
323 992
401 926
257 402
608 852
82 393
655 750
894 504
844 993
167 768
315 757
102 735
953 379
789 997
276 136
684 253
983 16
924 616
925 229
764 819
14 677
517 939
310 955
640 788
388 849
688 343
379 132
290 687
953 85
939 102
246 596
268 782
765 712
199 294
555 22
80 182
375 229
669 2
145 301
308 430
221 923
463 578
164 557
421 90
60 398
854 224
105 807
201 544
991 73
892 832
639 824
726 814
340 221
565 484
329 324
717 745
130 67
445 294
653 833
912 201
989 784
841 370
239 687
311 370
619 197
526 275
841 195
913 830
188 878
139 306
31 224
677 668
362 201
93 935
157 650
819 549
841 61
842 334
457 804
959 564
993 234
871 201
196 455
219 137
961 572
864 121
443 358
853 831
758 887
864 232
530 405
774 325
208 396
280 9
229 490
46 560
654 947
180 738
422 611
263 337
823 697
699 887
392 999
981 609
591 562
280 342
445 932
800 669
908 471
447 234
214 842
552 770
682 849
60 733
591 675
260 271
869 269
372 875
13 753
392 22
679 60
20 399
659 21
242 299
441 737
63 299
912 869
171 558
877 899
976 348
912 756
666 939
574 12
209 732
763 213
491 502
56 313
97 915
341 120
765 956
672 387
680 654
936 280
313 831
213 990
307 281
623 807
352 702
60 103
481 30
135 631
83 318
139 624
559 581
54 589
182 566
273 490
978 689
524 869
407 867
709 303
568 545
309 945
905 846
121 337
55 194
296 282
884 101
577 582
11 920
175 741
859 636
931 91
966 620
64 558
767 812
56 750
771 563
479 660
907 51
447 330
508 356
113 604
812 108
478 904
483 683
866 280
254 979
402 584
519 119
499 801
748 895
812 402
336 91
281 750
781 989
105 274
307 618
842 905
61 551
971 846
888 869
506 726
124 137
363 707
892 484
848 85
939 174
209 397
14 432
627 723
355 52
800 903
319 721
268 933
783 70
31 685
803 796
477 633
276 644
316 953
463 570
565 314
142 229
914 2
697 370
296 309
668 53
106 660
587 431
164 500
537 886
761 400
580 956
961 214
838 380
855 694
198 223
934 803
387 444
728 118
156 743
766 530
857 790
490 297
274 534
59 468
791 31
725 889
50 49
859 1000
291 809
974 622
951 518
600 223
253 903
509 381
771 224
25 454
188 790
465 767
430 847
968 274
16 143
628 356
3 411
39 948
870 233
984 604
162 296
549 396
309 695
295 452
371 98
945 919
684 856
822 511
381 5
774 370
273 999
584 160
747 412
231 519
517 660
681 830
68 992
254 975
242 992
689 372
764 808
547 786
589 147
829 868
8 730
315 950
744 324
392 377
194 189
929 182
547 739
697 210
328 555
437 471
539 819
631 425
459 513
212 969
599 207
835 983
712 433
975 118
458 585
425 256
905 14
787 46
492 344
817 891
525 852
394 470
114 697
203 919
498 600
62 169
669 863
195 968
753 982
575 661
49 975
506 174
843 37
536 699
683 572
631 898
959 667
395 564
162 793
236 394
497 73
832 129
635 308
728 82
566 922
715 380
678 320
572 195
810 600
648 307
406 7
373 208
304 505
785 142
770 250
25 305
300 909
338 216
881 264
932 90
71 766
442 202
560 537
908 35
281 803
817 31
845 969
96 200
651 144
201 387
555 572
367 490
319 375
655 745
638 915
881 910
474 492
534 318
96 278
149 276
634 794
873 34
360 395
786 667
417 68
756 361
315 613
375 813
363 877
402 803
898 25
169 564
208 94
891 435
985 698
582 884
474 177
759 376
449 501
143 121
419 993
4 785
796 277
113 10
816 635
470 690
692 422
565 80
15 179
130 987
78 721
445 210
229 619
658 421
588 38
660 683
958 432
122 176
907 882
216 181
255 380
19 402
956 689
957 232
481 279
688 867
174 754
308 636
899 179
960 419
524 540
616 453
786 291
844 749
900 303
562 314
946 93
69 282
72 562
804 323
92 685
730 148
351 604
27 826
176 720
601 337
549 145
589 932
511 282
886 370
27 683
12 61
876 444
609 223
222 602
598 785
159 79
220 47
918 168
227 374
617 709
229 311
413 976
662 173
902 380
794 285
504 377
713 331
456 252
405 813
45 374
278 483
506 878
381 190
402 613
684 83
19 379
685 806
100 282
820 563
752 985
788 81
96 417
205 193
759 574
371 745
195 439
787 283
986 386
147 184
223 493
553 954
141 751
411 876
323 424
989 995
422 44
26 845
617 460
929 170
70 626
881 71
618 814
325 576
860 999
807 808
226 903
423 547
908 577
697 710
402 346
133 474
616 402
835 688
288 413
397 85
454 14
112 113
937 96
847 749
689 711
767 282
571 743
64 99
637 890
891 598
72 558
144 203
861 882
330 234
858 387
387 353
747 119
654 417
494 784
616 878
124 881
286 384
857 580
16 164
50 395
573 384
979 432
504 439
337 925
324 226
73 422
408 658
685 215
353 662
586 876
237 720
805 718
245 113
941 510
375 582
987 973
820 753
603 739
888 251
929 335
712 41
826 49
3 890
834 580
318 333
858 334
966 893
842 807
43 214
336 92
618 334
671 472
512 127
234 695
308 210
812 290
6 361
634 102
178 706
829 596
989 854
118 424
821 141
554 264
777 47
427 482
564 161
195 606
786 167
678 921
700 929
847 307
901 246
80 270
632 811
317 495
14 49
398 144
75 5
701 329
4 15
960 717
959 529
122 232
840 947
640 543
398 771
569 430
944 849
503 554
587 63
329 259
990 72
682 887
653 904
88 214
531 468
532 891
992 572
165 894
376 441
185 441
538 363
885 984
315 190
939 920
647 294
67 945
72 985
509 380
805 831
757 22
206 260
79 62
228 708
118 720
324 183
557 528
3 410
417 492
533 598
785 749
879 261
864 34
557 1
599 650
150 89
730 599
806 800
168 648
647 16
608 150
863 934
556 78
3 854
635 810
163 540
702 499
975 933
517 855
746 511
401 508
627 400
341 171
7 548
621 658
68 534
34 642
937 595
720 109
829 581
976 7
423 820
878 498
222 374
647 613
742 685
800 932
730 173
913 379
861 997
900 135
95 29
702 15
65 90
435 120
91 746
937 158
463 910
448 509
122 12
444 542
485 958
969 525
342 537
37 101
829 9
761 435
154 259
946 295
487 133
933 59
98 484
117 440
528 651
396 91
624 36
108 205
435 391
607 293
353 18
908 254
451 637
692 549
16 462
110 930
291 196
810 744
885 52
79 109
26 27
982 826
352 69
81 633
758 861
121 264
619 505
894 141
117 709
14 875
901 805
59 78
455 451
48 221
283 902
713 221
382 496
220 507
721 698
847 142
6 858
153 438
63 927
138 290
638 1
768 661
343 511
148 255
758 750
750 558
474 493
209 8
524 449
930 453
637 72
841 579
378 60
423 101
775 208
797 312
877 746
65 480
107 774
384 827
512 39
270 347
952 302
806 441
699 587
864 229
274 249
204 122
132 239
363 539
588 208
493 482
195 840
636 196
104 333
109 196
754 315
421 88
498 637
905 267
445 66
619 635
723 615
910 52
899 805
938 837
500 436
190 750
47 99
269 229
661 959
313 801
709 535
800 285
680 803
224 495
386 946
523 44
554 919
352 259
244 785
881 633
813 975
128 660
58 733
663 392
79 65
465 693
905 848
11 737
483 414
72 785
589 820
844 803
150 148
738 814
419 149
257 210
241 445
159 223
470 136
515 335
741 683
71 912
876 78
395 330
34 6
767 616
237 525
534 731
647 88
155 806
176 379
711 406
343 225
309 49
276 174
707 130
138 139
285 40
454 673
181 119
788 193
520 842
29 35
371 518
835 375
998 737
141 163
198 565
365 28
497 492
795 517
302 759
199 149
381 850
274 108
882 793
645 11
79 707
961 430
428 997
583 819
472 141
903 936
78 861
541 347
474 758
912 517
126 693
532 514
437 962
22 976
783 435
805 87
165 968
442 591
408 851
524 513
804 273
539 68
813 605
711 626
616 689
713 691
295 879
904 598
45 772
304 386
657 386
457 228
795 292
758 874
317 592
656 198
664 721
727 590
339 377
128 926
771 932
810 962
727 575
962 242
663 462
310 37
812 223
957 770
617 817
301 862
432 147
306 692
492 803
845 865
441 171
820 609
819 846
750 742
567 500
636 58
559 784
68 797
224 627
561 916
547 713
509 622
807 139
954 717
556 905
945 192
579 56
375 133
613 281
750 435
436 63
185 505
778 366
318 63
820 165
398 119
971 275
994 720
579 854
859 486
479 100
493 860
578 2
389 929
912 722
611 470
23 316
904 54
726 997
130 674
147 512
478 210
985 222
89 273
880 4
535 310
866 107
736 579
454 506
884 635
192 181
636 688
658 942
533 706
456 746
808 95
205 913
976 302
945 346
139 495
196 724
841 153
165 607
379 851
839 531
755 748
206 180
278 769
390 335
701 628
600 511
230 14
430 956
572 893
908 287
993 897
462 508
215 156
572 579
367 65
483 604
245 869
413 185
967 758
570 108
917 249
646 969
890 769
559 820
381 942
677 692
560 409
526 642
967 532
768 246
473 368
561 513
432 763
860 539
754 50
136 207
665 194
318 219
17 700
270 158
574 1000
852 522
523 602
746 158
98 65
256 67
402 129
591 955
351 166
217 134
754 359
498 390
26 420
643 337
635 488
585 659
749 416
952 830
771 258
184 424
402 419
89 365
911 550
452 354
60 186
403 933
251 750
175 456
178 412
112 408
701 784
381 383
265 900
106 842
610 362
637 515
552 463
24 744
353 876
896 428
993 828
23 603
85 946
710 755
680 418
936 588
115 71
152 251
673 559
896 202
54 230
609 381
612 564
152 106
280 95
742 179
963 162
342 301
470 854
975 523
551 872
773 318
603 121
751 929
953 90
972 914
403 121
156 327
748 745
5 774
473 509
789 565
824 88
756 815
55 256
765 551
39 664
908 607
592 306
791 754
905 411
526 69
178 207
628 875
330 18
540 445
776 136
481 390
209 919
735 664
217 444
827 567
919 31
745 834
926 809
424 844
516 345
679 703
261 950
163 300
514 620
832 909
830 648
135 818
418 738
274 894
887 862
888 3
724 873
448 676
879 719
914 833
629 820
8 856
673 602
120 949
585 438
125 85
931 158
475 10
276 73
684 446
813 222
444 775
51 971
175 913
513 34
2 553
52 76
508 33
509 728
972 720
97 416
635 630
964 380
267 996
113 733
80 119
730 977
747 789
62 998
954 665
975 781
924 817
85 379
843 675
113 66
351 472
172 701
70 624
252 371
460 320
133 294
497 430
247 136
506 2
549 750
218 446
387 167
100 958
670 614
195 778
910 17
934 171
386 885
61 53
389 622
504 488
877 307
236 445
2 576
192 59
924 356
198 390
18 667
809 188
922 837
671 578
619 789
880 579
236 355
573 188
390 582
943 798
69 141
141 304
595 461
22 302
16 166
20 566
266 850
452 57
272 335
292 898
520 741
427 749
672 800
495 234
464 549
233 63
500 889
641 448
591 332
480 640
906 996
724 611
806 661
2 525
337 922
137 606
854 641
531 606
290 496
539 955
671 474
273 579
147 214
18 882
99 753
561 996
124 132
142 863
159 647
933 624
89 877
45 287
687 577
869 302
381 644
75 473
845 309
829 656
868 438
501 463
284 107
401 193
973 593
674 558
492 21
294 999
761 548
139 802
182 919
655 298
198 323
347 939
904 902
946 257
571 660
960 493
279 119
655 351
908 837
840 659
306 51
269 957
416 607
455 598
518 816
999 149
800 437
236 327
615 588
310 850
504 247
748 298
87 611
384 503
278 919
615 986
19 505
130 150
150 349
524 106
266 886
927 127
513 479
794 288
371 20
221 429
711 974
430 671
146 898
332 985
688 65
880 144
512 319
416 388
489 306
253 441
660 239
533 103
862 781
722 352
975 566
124 458
803 658
826 322
439 757
206 736
299 78
637 132
655 805
967 535
489 620
646 232
356 132
582 926
159 891
589 662
437 325
574 798
575 35
778 259
78 386
364 443
365 227
347 632
545 229
123 465
70 696
551 395
754 277
26 562
333 918
892 395
274 452
494 731
44 946
311 187
682 360
1000 587
602 643
74 504
183 654
884 553
222 176
574 293
300 618
161 824
279 264
106 824
748 511
586 494
718 547
701 815
760 469
297 569
5 776
814 246
214 962
141 376
269 643
988 317
719 191
706 822
266 923
233 446
755 715
295 532
634 724
196 495
489 99
676 977
445 967
28 972
712 901
529 561
125 432
141 683
516 841
585 244
945 769
343 110
961 531
219 36
239 41
205 73
206 802
744 389
567 319
436 803
790 943
361 319
722 324
137 330
307 566
566 476
751 51
509 676
114 282
441 956
224 572
561 979
637 168
68 741
510 854
369 418
445 781
873 978
158 498
566 287
824 234
643 878
792 328
691 598
155 664
235 598
513 562
325 306
498 1000
616 155
717 827
820 13
786 237
94 302
167 422
834 225
670 523
916 273
786 124
716 253
592 307
169 6
244 718
61 16
298 418
389 521
175 24
572 412
882 548
60 232
687 957
448 74
526 501
253 761
382 967
624 249
700 312
921 573
581 491
585 1000
269 965
988 483
2 192
188 251
109 203
675 763
793 868
172 400
248 197
177 255
213 649
148 456
684 522
520 635
291 757
643 710
136 868
49 219
362 68
254 78
737 112
187 147
998 121
127 597
681 601
797 583
465 486
93 758
314 133
565 360
872 518
138 87
474 463
129 824
869 198
181 196
848 335
29 944
215 933
751 87
100 123
550 316
604 955
843 725
860 557
401 6
458 573
276 910
299 295
360 791
679 56
539 621
441 698
208 859
156 219
450 824
554 418
424 643
445 243
911 970
92 840
277 810
227 423
501 268
86 812
14 459
430 379
950 791
112 95
801 613
613 615
905 438
82 308
395 736
57 690
363 180
382 912
458 64
97 768
120 607
343 799
714 145
382 995
580 890
672 357
757 876
701 998
121 228
527 606
895 48
897 689
736 391
185 647
37 494
277 351
26 81
300 848
295 367
876 419
624 332
809 494
941 217
508 386
453 271
510 240
348 251
296 582
563 520
666 382
720 681
497 608
961 403
392 660
998 244
569 564
343 417
146 927
572 697
479 545
445 550
484 201
654 915
414 148
72 459
492 684
256 18
989 512
472 640
94 795
665 747
565 834
289 207
551 819
682 942
261 33
584 324
311 959
94 565
369 106
78 626
597 450
384 818
32 390
530 509
388 75
892 241
854 759
163 708
131 491
167 409
672 197
415 931
44 975
304 868
212 373
765 863
236 19
249 232
123 643
514 602
199 814
347 987
938 682
151 75
390 769
942 306
343 803
832 80
553 236
476 320
727 921
230 339
982 930
514 267
311 182
608 722
528 320
529 153
987 741
770 133
720 984
463 408
185 524
477 332
496 576
172 510
232 529
271 81
366 572
77 439
595 198
983 951
601 949
137 627
266 169
272 586
607 932
528 266
828 567
703 677
480 685
64 812
798 139
51 770
752 917
159 439
612 737
573 869
108 832
915 794
828 789
650 21
29 120
971 467
111 300
955 666
302 851
32 307
180 107
626 231
555 33
982 32
902 929
372 990
696 120
949 330
601 189
268 724
506 59
415 903
108 411
400 484
330 877
352 941
451 947
531 279
478 649
778 836
179 351
982 748
931 586
662 750
866 13
859 449
425 849
482 770
377 40
748 105
22 248
369 700
596 213
210 888
269 316
306 167
823 462
805 847
737 905
130 89
461 521
558 302
590 542
573 340
330 826
270 960
126 30
93 975
665 246
847 26
981 94
449 867
780 225
72 214
612 976
131 607
63 920
602 58
488 806
840 219
676 822
244 355
851 317
124 265
784 386
755 921
2 579
445 697
651 114
985 924
34 80
72 259
642 915
56 700
411 614
600 793
569 334
94 723
664 118
617 186
643 960
94 610
440 5
42 473
151 745
695 140
651 673
873 977
882 97
190 32
281 964
469 119
198 607
327 121
899 520
294 66
762 682
65 138
947 788
584 634
35 846
821 883
593 764
902 540
616 299
815 277
62 481
947 901
913 122
271 455
95 131
960 264
134 837
763 189
820 300
35 684
861 584
256 979
296 128
995 798
409 423
389 665
601 443
680 806
871 256
925 872
783 638
532 830
455 537
296 958
760 387
945 279
47 307
675 762
876 297
839 951
608 567
101 518
343 713
415 76
129 371
40 306
850 287
814 898
83 244
417 568
332 685
108 153
941 5
874 56
617 29
723 437
962 647
767 900
257 497
208 385
194 799
495 285
705 377
940 382
607 220
12 652
741 394
906 81
644 874
765 20
774 88
890 839
816 942
321 448
927 906
342 446
270 395
620 124
882 163
323 287
142 833
470 82
143 40
873 973
639 934
388 867
787 509
529 30
545 51
618 923
378 356
513 541
756 781
425 237
575 146
895 622
236 153
60 431
458 718
904 29
354 76
743 682
635 37
429 542
1 831
588 981
330 933
408 807
498 751
658 167
933 111
315 799
848 569
138 693
527 955
416 565
787 550
572 272
294 554
761 217
585 907
876 254
605 472
588 522
184 832
767 100
796 521
684 600
171 951
353 968
170 782
45 914
1 276
755 533
436 881
903 271
410 416
342 105
306 593
755 642
180 124
115 227
277 48
851 151
870 81
764 716
50 586
348 363
976 580
297 931
379 519
821 175
812 105
393 781
396 896
308 971
93 586
807 972
101 79
397 186
849 5
6 466
228 70
158 297
967 557
220 109
150 932
152 322
686 771
191 163
255 219
802 260
535 798
293 671
62 84
134 449
564 199
837 782
323 679
773 22
714 724
378 376
985 400
215 543
857 889
674 556
252 512
933 801
494 573
761 554
78 956
526 144
285 766
288 334
919 355
758 393
190 677
586 278
969 742
969 991
331 3
883 793
594 668
352 351
353 10
961 971
378 687
776 894
448 849
103 51
606 926
999 720
349 495
816 460
390 691
50 780
810 786
338 758
750 820
288 1000
954 313
22 281
992 491
224 837
832 516
301 959
745 273
950 84
979 580
366 142
6 47
376 606
237 867
826 320
448 404
314 412
11 468
623 83
56 203
169 620
904 409
480 891
216 112
248 930
427 437
856 545
482 479
692 126
30 637
899 956
902 561
27 233
9 806
999 759
618 866
662 49
899 973
693 386
479 271
541 256
765 866
843 216
520 5
500 397
835 652
491 66
678 234
257 526
888 558
575 630
19 537
286 659
469 519
990 187
980 117
364 239
549 248
643 127
3 220
649 722
842 197
789 442
364 928
496 905
524 953
852 286
712 681
451 415
16 224
491 910
475 261
917 358
166 922
375 740
379 737
470 536
283 794
991 377
284 852
360 52
335 453
393 756
547 983
774 966
238 262
789 126
93 513
708 98
153 952
641 191
831 356
215 899
310 957
606 64
301 726
985 701
693 244
622 202
328 588
646 202
260 273
30 703
507 62
273 426
420 735
55 792
973 309
612 75
540 760
613 798
209 456
191 328
982 77
749 206
844 38
630 627
665 877
647 581
959 26
854 139
401 143
683 881
498 633
302 441
32 173
70 821
626 381
899 809
701 141
539 350
718 708
320 232
255 186
199 864
112 74
882 546
593 925
297 232
145 123
178 93
693 943
99 766
218 874
718 867
675 748
810 406
867 347
358 936
706 711
302 10
876 283
141 184
425 733
463 61
581 378
545 700
436 34
213 550
224 193
818 239
490 12
509 288
664 761
157 775
615 28
118 540
489 204
124 862
624 433
185 587
258 265
921 127
23 523
319 432
839 327
548 186
508 495
660 476
805 725
556 349
632 11
963 357
189 465
1 90
628 127
332 908
354 948
558 358
63 780
944 22
485 122
16 174
183 487
524 481
102 765
513 80
16 648
919 948
579 435
742 813
194 847
376 662
67 550
78 485
778 487
375 189
527 288
821 3
878 76
44 340
111 359
226 719
632 566
912 972
643 844
366 275
994 712
78 647
599 355
548 931
806 187
682 125
406 533
191 509
913 327
769 827
916 574
222 477
499 888
902 761
320 325
321 956
91 726
75 237
536 585
593 616
136 119
338 601
504 913
530 91
568 346
421 346
369 537
675 955
876 104
783 556
127 166
908 819
107 58
844 925
625 522
864 334
917 700
194 815
16 153
179 631
589 724
931 37
718 392
775 707
376 135
999 417
68 325
126 87
360 543
410 464
16 839
328 121
920 285
538 980
910 888
106 306
158 941
738 687
333 73
100 340
401 745
254 981
122 220
48 342
251 689
413 66
272 782
6 467
673 822
34 160
843 610
290 382
843 867
735 417
310 532
574 865
278 538
432 674
702 133
800 172
1000 293
873 569
509 957
539 504
999 722
587 468
515 627
174 700
984 200
88 532
442 764
779 791
161 928
22 929
352 737
947 154
843 285
758 168
706 527
191 981
536 763
166 669
850 450
214 933
286 598
913 760
236 721
989 13
684 573
447 545
876 385
689 341
718 484
420 367
666 67
850 228
598 850
767 889
126 115
550 977
21 237
135 21
138 267
16 931
315 369
154 561
513 254
987 336
99 931
261 464
834 562
45 441
229 44
821 347
377 859
630 936
3 861
354 751
945 708
33 386
703 892
966 850
91 180
272 874
972 795
630 987
738 917
266 280
327 369
534 993
994 942
575 223
388 779
564 364
303 504
750 83
51 765
920 676
85 304
752 595
157 909
646 265
317 413
618 976
820 52
345 76
511 859
852 901
857 41
51 158
731 512
809 846
106 754
434 189
731 945
387 113
389 675
74 487
292 434
790 401
442 515
665 624
944 961
467 172
303 786
641 935
696 438
80 232
202 387
97 191
297 429
151 478
853 736
396 39
839 973
127 975
753 532
383 337
920 792
762 298
488 763
35 206
456 409
419 111
476 68
719 184
962 927
687 478
176 776
883 387
48 627
694 377
72 216
126 111
571 238
366 748
480 365
124 660
675 28
306 745
951 251
976 525
8 783
931 375
346 317
420 711
112 528
941 338
300 810
567 777
327 567
110 317
440 297
46 450
318 270
547 820
159 570
214 800
381 502
440 824
521 465
828 827
354 610
148 489
708 769
301 725
674 145
397 534
18 461
427 393
683 453
367 948
280 496
155 748
697 97
419 999
654 742
136 239
119 68
268 916
768 500
660 706
518 288
497 340
834 77
708 694
433 684
514 847
578 501
207 598
874 817
691 285
496 411
243 950
905 415
374 92
985 233
198 142
863 136
529 949
942 951
28 329
321 753
88 228
253 758
880 64
212 141
162 934
116 289
140 113
269 851
805 865
760 500
334 267
500 55
338 182
340 664
931 983
127 880
322 333
747 175
451 378
861 443
837 434
832 711
873 486
447 351
672 887
896 315
56 584
988 977
571 123
20 995
244 321
561 129
960 118
183 486
323 84
78 200
299 237
483 408
492 730
533 412
403 187
668 757
996 218
872 328
267 536
489 664
91 252
953 9
60 869
833 476
794 842
392 134
69 898
86 32
375 961
555 107
60 587
332 416
333 633
564 203
568 142
660 742
930 792
421 150
349 587
977 558
754 500
544 486
49 952
800 80
730 273
476 601
633 714
766 878
758 466
921 542
259 131
478 277
482 968
600 91
892 771
326 217
226 214
662 775
913 787
989 40
77 65
956 151
926 555
359 240
239 430
679 957
900 958
335 891
987 440
913 573
686 218
46 373
448 644
324 127
522 510
375 604
450 437
379 537
160 452
641 452
347 39
275 706
721 790
445 654
745 152
346 98
926 89
872 277
798 61
447 81
431 956
103 691
961 820
474 81
4 546
573 975
25 585
318 454
146 719
756 734
99 757
685 550
372 807
51 630
812 687
431 259
824 165
53 317
700 968
517 142
21 991
226 835
544 292
561 762
345 119
881 101
562 952
346 21
126 843
92 815
143 349
990 784
494 707
351 222
598 181
431 214
597 807
218 513
481 337
193 545
400 928
692 809
14 341
479 851
184 512
961 856
452 581
363 34
349 203
980 83
619 245
446 787
710 204
897 473
827 992
154 122
546 840
49 352
527 703
126 150
625 565
489 523
199 642
249 809
927 490
92 433
929 53
707 628
441 488
573 559
758 533
987 309
629 1000
315 368
617 784
284 993
777 390
859 895
493 469
239 17
901 638
831 509
229 43
432 771
930 30
162 116
189 501
94 875
422 674
205 50
632 290
975 562
651 984
444 954
160 925
539 923
721 270
337 779
247 264
674 138
489 592
539 776
958 210
604 334
341 820
221 82
640 437
161 284
797 209
536 198
549 475
479 218
811 483
9 74
817 739
371 238
956 582
2 910
285 958
640 723
548 996
477 598
155 478
212 293
933 195
493 716
956 676
857 89
218 741
302 381
505 119
123 672
32 224
883 838
317 832
600 100
597 889
943 877
912 255
642 264
718 551
150 19
84 787
12 16
236 566
510 45
357 966
552 436
572 943
168 445
296 626
831 674
707 592
84 753
323 859
768 764
385 130
23 598
651 137
577 425
73 753
710 753
245 979
299 606
402 632
874 810
315 987
153 731
267 878
966 812
625 911
994 849
186 274
355 697
321 505
727 177
472 635
524 336
290 308
369 469
849 67
355 774
228 24
252 390
552 814
682 869
602 262
223 263
243 637
488 372
677 686
489 989
329 816
401 355
228 382
330 682
874 943
506 491
783 135
161 668
571 901
184 363
972 252
792 618
578 71
905 269
355 194
155 224
964 872
151 209
971 60
187 525
294 803
868 396
714 790
666 597
98 19
835 874
658 209
342 686
787 527
936 435
921 513
39 842
45 649
619 812
128 763
718 656
663 17
760 390
168 844
283 685
526 283
450 273
473 719
97 75
760 501
939 998
979 85
875 996
788 949
274 891
171 989
39 956
127 704
292 875
337 262
319 434
276 487
647 176
315 331
963 359
199 735
71 910
275 681
846 48
172 231
399 264
461 255
523 76
594 341
870 357
121 874
389 499
180 264
532 101
441 988
174 149
271 96
509 565
790 284
394 637
493 993
114 278
955 820
351 455
908 210
172 698
213 418
604 725
255 571
990 682
203 84
611 339
248 843
591 512
812 889
193 600
857 96
913 214
183 556
459 780
443 643
359 303
754 571
611 158
938 690
598 594
451 797
178 127
641 893
804 287
238 210
446 884
537 557
386 3
700 62
224 239
426 56
245 343
157 757
214 782
784 1
906 366
589 722
680 178
789 496
809 466
667 988
764 46
966 680
839 698
332 716
41 649
779 407
263 126
824 780
137 78
219 834
475 252
721 644
850 32
188 735
871 890
766 148
768 851
343 445
332 946
902 482
480 645
860 376
3 344
617 85
232 245
712 191
474 94
521 415
707 100
800 578
27 590
129 570
683 511
280 442
172 632
636 437
289 188
74 954
973 362
302 682
694 652
751 853
260 122
838 571
327 66
114 540
740 312
248 726
209 816
856 277
123 278
749 438
459 808
758 396
120 528
688 802
557 833
201 881
437 849
442 621
593 987
867 260
316 6
762 50
155 128
589 582
982 567
306 44
514 457
331 579
408 548
465 981
164 33
849 879
98 317
61 423
343 783
875 31
822 570
205 540
520 936
372 51
738 508
867 704
489 138
646 583
344 643
842 398
572 891
812 922
373 892
393 588
12 290
374 129
822 503
551 655
219 174
382 302
992 494
719 885
333 154
336 642
11 154
985 795
31 343
270 693
627 202
310 138
883 116
594 1
831 508
231 708
232 322
820 579
712 76
189 677
732 407
716 556
163 948
720 439
498 61
869 26
251 863
729 55
811 145
946 952
297 139
299 931
151 705
581 883
502 767
160 892
837 862
342 84
532 140
268 690
222 165
118 399
291 201
327 401
972 74
242 363
795 963
578 497
338 874
872 206
485 709
397 291
234 967
492 231
184 336
113 158
757 669
423 531
855 645
160 457
783 211
951 845
697 662
425 955
890 161
156 829
620 447
874 765
946 222
361 966
197 360
389 702
149 533
979 346
525 154
835 798
875 221
128 41
913 952
454 472
221 483
991 643
188 236
596 209
157 923
781 65
508 881
605 285
272 95
454 363
723 206
603 868
529 889
359 170
680 251
898 46
311 7
296 740
664 240
569 805
332 645
538 104
645 948
261 655
337 281
524 11
12 375
654 642
788 752
831 562
744 318
140 659
586 943
128 203
81 173
558 329
166 648
711 937
547 984
306 886
293 784
864 224
702 692
69 316
524 504
531 640
389 414
66 317
571 553
218 96
772 593
885 836
3 968
760 739
264 840
455 578
160 809
906 219
969 264
521 288
425 475
445 776
379 12
470 421
588 742
130 800
777 31
905 82
433 849
341 184
469 115
94 384
166 596
283 243
104 436
839 478
472 184
700 608
39 662
886 799
652 707
356 618
199 972
346 512
369 993
188 291
227 287
985 239
14 355
2 443
972 419
758 500
547 689
342 687
92 566
734 125
926 787
799 547
675 529
568 671
420 124
442 404
26 215
321 529
14 556
75 526
601 629
995 625
430 796
197 255
241 903
277 183
944 348
67 543
653 316
987 606
555 882
314 940
477 432
854 802
637 658
837 432
738 535
98 950
335 903
91 419
970 610
295 277
668 977
673 973
488 149
613 998
221 887
479 601
279 973
631 633
181 207
994 882
265 188
273 601
360 852
35 260
778 482
711 576
68 710
219 464
181 993
788 191
756 619
958 235
225 997
389 148
172 548
30 670
358 827
808 752
19 107
755 437
919 516
378 352
677 466
601 812
174 564
973 568
776 76
209 715
726 976
373 408
680 887
493 548
131 33
300 664
800 304
452 611
587 152
306 611
753 752
757 792
942 394
334 762
5 826
102 374
230 315
747 111
451 570
838 186
453 232
348 978
951 423
528 488
892 995
785 479
664 728
58 363
742 305
799 202
590 709
572 848
22 369
854 846
447 748
656 475
533 875
845 905
8 890
872 633
453 556
292 622
573 629
777 522
940 50
923 772
50 680
90 845
806 655
256 23
920 62
700 716
171 388
484 69
712 160
785 948
950 366
225 807
273 581
91 218
54 450
919 842
702 430
170 199
613 113
561 542
69 979
360 233
380 845
949 95
878 111
806 504
967 11
129 682
403 439
575 53
122 943
85 281
312 469
203 226
129 731
313 422
646 288
136 169
464 726
950 938
722 845
464 613
820 450
880 349
450 203
626 305
667 337
795 772
247 795
433 635
325 957
923 795
184 403
995 973
140 326
469 510
550 441
329 267
420 214
458 97
539 136
320 66
816 58
767 294
58 954
934 939
205 825
528 628
45 720
780 261
174 12
710 194
987 843
608 516
278 62
409 189
211 9
693 917
353 1000
27 619
799 281
331 817
546 552
799 174
488 928
234 76
73 330
864 75
919 240
444 743
484 436
837 392
334 528
461 932
580 174
376 900
289 787
453 512
521 728
738 846
423 488
9 396
314 484
300 373
256 243
845 143
829 778
404 427
354 746
280 249
924 546
707 178
233 831
677 854
458 668
22 216
216 614
454 736
381 576
720 214
886 743
464 404
310 935
88 544
142 829
938 164
522 935
9 72
765 683
414 689
271 200
682 161
863 520
281 924
597 195
320 273
599 405
268 721
288 255
680 529
934 154
442 812
501 207
829 963
992 754
402 410
207 413
799 697
161 833
53 723
719 502
829 114
153 977
724 408
121 69
275 61
32 978
373 365
507 688
398 513
737 787
836 523
259 221
830 265
13 694
164 70
705 430
232 852
802 704
71 753
538 198
187 28
872 772
390 659
824 999
880 995
441 409
818 297
380 666
55 434
68 47
567 23
607 886
77 295
727 365
837 765
784 391
346 312
698 85
495 409
522 263
964 240
656 705
972 683
720 404
77 9
738 965
212 784
764 837
882 184
744 169
851 655
128 36
623 115
539 790
170 159
462 927
428 731
488 374
659 177
734 919
682 242
241 946
242 317
872 156
467 672
873 613
346 555
507 163
604 755
734 550
283 242
967 164
187 926
968 678
868 319
71 861
861 722
759 387
683 898
504 633
621 178
976 711
679 598
524 533
597 57
504 1000
191 776
196 998
692 995
36 847
33 796
735 975
903 755
615 677
466 348
283 318
356 984
654 291
433 365
841 376
328 389
109 512
709 837
842 390
999 257
343 599
2 77
554 558
24 557
534 469
315 254
577 711
317 580
581 247
429 10
469 252
914 662
95 11
466 882
46 493
231 787
126 63
589 701
664 620
885 306
709 228
340 633
968 418
737 251
518 665
903 196
262 212
154 965
308 283
61 962
827 470
242 778
450 479
766 201
324 292
396 921
720 481
773 831
282 678
618 448
485 247
513 84
721 969
33 79
881 643
4 728
722 437
651 883
122 537
454 243
105 67
202 476
916 373
555 223
305 385
857 475
431 360
927 663
347 521
522 895
576 748
994 695
230 877
36 574
327 233
97 568
562 610
304 894
583 952
608 219
292 279
4 163
890 230
446 536
645 422
353 368
675 959
69 340
586 334
326 77
329 255
477 47
926 780
800 416
819 508
240 669
397 108
278 19
562 422
102 375
309 903
555 947
850 365
150 328
154 775
786 899
405 205
563 737
927 384
16 812
663 650
408 134
686 217
339 494
33 559
971 993
54 903
226 981
354 997
379 538
185 837
901 519
64 966
655 552
214 456
570 80
66 314
632 265
357 464
966 948
87 43
419 757
646 116
958 938
945 557
894 536
664 435
976 133
496 704
651 671
748 665
929 17
208 114
40 744
37 253
649 434
243 567
281 790
674 839
881 393
38 166
631 253
246 261
568 173
329 607
56 385
661 684
518 638
633 634
532 21
70 881
862 237
31 855
919 382
151 208
49 554
809 278
518 32
516 250
843 559
840 666
469 622
39 780
260 591
946 26
390 549
430 234
783 802
680 1
240 520
629 34
97 113
922 66
689 853
762 389
140 907
34 386
965 177
867 594
718 283
976 662
295 510
98 908
174 457
103 413
278 635
462 452
995 290
732 482
751 326
509 951
94 991
538 679
251 736
34 70
256 244
160 912
488 125
696 706
116 621
279 506
603 21
968 950
971 457
938 274
77 838
321 316
692 293
285 153
528 248
76 2
561 650
220 882
108 755
976 399
356 481
217 29
354 312
554 100
26 573
958 386
69 633
785 628
57 565
331 178
922 627
80 626
507 597
273 253
458 51
148 348
639 441
92 556
607 159
667 90
727 541
196 530
553 87
80 815
19 828
244 181
705 429
29 369
254 458
111 583
992 831
783 951
864 505
771 855
462 6
689 194
284 802
713 143
242 660
685 22
29 530
980 566
965 294
953 422
557 92
194 578
348 778
826 15
989 465
438 345
632 210
67 97
492 754
807 357
829 813
521 580
3 957
127 424
798 120
910 598
884 479
311 561
650 51
342 396
872 511
302 774
546 96
125 909
18 457
971 501
826 464
630 682
740 190
36 694
543 605
68 627
368 285
955 813
995 328
635 817
679 543
240 295
701 422
846 689
151 965
482 508
507 787
627 514
801 481
51 254
325 995
806 114
866 201
350 78
558 755
212 427
621 177
731 913
886 197
934 790
536 737
387 876
98 46
995 772
732 721
568 306
36 840
143 948
258 222
287 345
878 834
572 439
779 848
616 749
526 286
883 4
199 530
607 257
28 666
89 924
884 857
653 314
219 970
456 8
379 640
133 798
91 308
453 421
209 168
470 936
96 349
632 127
466 963
286 110
73 611
190 394
120 450
525 947
366 75
385 472
869 80
821 413
788 202
863 630
938 347
396 119
674 177
789 736
773 171
756 629
117 993
632 571
318 8
18 188
497 411
621 482
604 720
96 539
908 740
322 377
861 644
436 497
904 3
687 888
65 25
755 367
841 294
640 525
736 850
878 653
257 687
476 597
922 683
674 740
53 665
389 743
107 483
141 70
70 52
308 969
180 427
80 856
624 101
642 348
515 982
24 923
79 959
410 136
374 713
214 914
486 919
453 214
168 381
590 553
793 841
956 147
509 358
837 112
896 590
348 67
165 563
158 708
305 176
118 737
46 386
997 715
375 683
780 167
219 839
571 42
387 807
289 885
959 272
11 192
382 58
181 176
932 600
8 602
426 329
217 580
661 247
651 769
345 296
333 311
704 949
155 571
375 156
661 457
20 455
521 382
352 30
30 760
626 77
807 992
80 361
498 984
830 524
961 385
178 941
251 353
913 294
930 668
158 716
820 87
703 433
682 119
880 430
259 453
278 355
26 504
814 401
743 597
486 710
415 718
268 639
810 472
335 487
248 439
212 82
515 933
279 252
145 760
295 778
106 75
207 78
374 725
324 6
838 164
72 963
469 847
453 202
921 280
497 269
556 534
639 489
115 852
97 481
427 816
482 701
563 764
710 893
508 445
384 237
907 251
603 680
612 906
3 674
322 214
251 626
620 665
824 666
974 416
389 278
542 868
500 559
188 435
513 98
886 835
742 799
102 702
360 41
252 15
128 447
402 818
82 586
391 622
158 271
363 779
750 485
54 428
875 616
428 753
322 108
756 432
865 958
393 753
389 234
782 339
285 777
416 88
398 88
184 228
972 69
725 267
854 97
13 959
431 400
568 74
786 129
274 429
222 271
313 561
649 143
902 555
751 336
874 966
288 241
198 276
182 905
693 83
723 663
207 494
636 920
529 306
804 636
921 696
994 94
795 147
779 822
100 717
28 354
786 306
263 291
438 577
476 396
609 658
636 638
113 955
92 732
386 87
29 830
570 89
396 556
302 99
734 166
342 303
908 71
305 30
549 371
681 331
511 504
337 397
192 392
447 576
913 616
533 975
92 401
408 263
148 419
816 381
814 984
690 282
451 274
770 386
275 544
516 674
422 913
978 33
391 910
547 892
457 534
96 178
685 934
408 110
529 698
289 829
841 760
438 350
149 281
210 473
323 10
507 377
489 278
767 719
495 264
632 322
111 216
685 729
926 221
234 757
668 396
6 303
725 717
270 208
53 192
626 2
754 79
498 913
905 87
445 886
797 193
468 713
498 184
273 813
403 350
216 273
344 454
127 453
865 676
592 156
153 736
317 45
999 529
363 568
790 596
170 886
155 47
605 555
52 733
239 989
937 113
100 737
340 80
433 274
162 70
679 545
847 643
313 920
737 903
678 411
314 742
170 898
652 258
71 582
257 782
455 935
558 172
301 61
429 8
231 956
163 420
914 660
348 120
918 52
371 265
908 506
233 296
969 252
19 32
501 579
68 254
519 637
985 807
234 277
343 405
751 264
8 976
928 641
452 371
882 504
975 577
869 206
280 999
256 189
991 593
721 975
427 512
831 134
747 895
893 141
510 747
690 390
103 872
8 505
204 1
702 256
405 758
65 845
564 289
285 832
413 267
612 21
939 207
725 338
156 211
485 649
535 977
147 784
899 516
994 693
151 1000
400 404
808 529
592 376
747 426
796 18
47 152
412 363
450 722
183 552
829 470
904 915
852 809
818 841
395 536
718 982
661 985
869 838
247 598
340 116
658 817
92 533
314 523
683 654
338 373
853 306
496 241
861 839
883 691
369 837
961 913
211 110
379 976
54 712
365 777
353 961
729 542
359 239
274 859
166 853
278 883
119 899
193 809
505 623
859 584
732 250
277 57
708 371
469 162
606 598
771 575
382 733
499 246
997 859
196 190
181 270
129 303
348 273
495 98
81 234
737 296
28 138
811 792
116 996
246 863
30 76
103 686
698 506
845 121
338 988
244 264
445 619
941 550
46 826
910 527
802 428
968 924
492 586
733 644
772 532
452 522
95 767
811 198
663 575
953 461
345 344
697 51
365 101
185 263
539 720
77 817
617 260
108 649
299 898
364 803
111 502
630 514
825 701
147 812
191 603
190 690
757 566
117 663
796 118
445 384
265 746
106 664
303 38
277 711
669 657
88 50
839 193
183 701
425 893
769 419
840 668
794 557
339 80
856 166
930 566
568 602
823 482
734 203
830 297
818 222
729 457
711 820
685 270
579 276
262 481
582 149
619 22
954 337
706 858
943 539
920 464
421 781
832 748
245 585
266 206
509 964
736 8
205 459
558 305
45 290
370 157
583 181
588 323
284 621
289 897
702 623
371 829
793 470
814 633
176 317
251 851
894 683
419 659
556 976
885 812
893 369
255 776
932 851
945 421
960 888
25 729
99 657
458 637
522 930
83 872
941 812
263 704
179 317
971 297
496 151
502 925
692 69
730 176
587 281
825 348
900 138
77 567
479 487
544 436
161 612
727 837
874 854
486 528
195 837
334 763
51 518
592 479
41 111
792 817
675 1000
14 314
933 32
499 596
532 63
637 838
70 125
696 444
424 159
188 232
45 817
766 645
912 244
182 458
678 463
853 603
325 466
951 418
495 998
596 92
542 645
268 250
780 10
283 994
12 156
552 441
739 952
650 618
153 18
228 626
449 891
818 292
250 738
237 764
76 702
756 40
663 716
507 201
254 821
253 483
471 44
113 528
220 748
537 214
777 583
595 968
579 335
542 833
350 232
431 898
397 814
513 77
860 316
256 210
846 251
818 168
510 716
574 705
996 179
39 479
190 89
617 307
985 311
413 294
894 929
623 237
898 978
132 210
649 456
189 287
490 780
768 458
75 408
683 217
759 402
338 842
763 87
691 754
988 401
105 641
288 175
53 481
200 875
866 340
424 319
498 624
778 526
498 647
749 489
217 232
805 471
539 523
403 575
959 594
316 896
693 701
113 408
60 225
460 651
174 873
106 611
433 273
164 135
728 448
495 695
465 896
317 895
230 640
550 343
693 664
922 256
576 254
655 81
542 617
945 271
439 866
128 623
678 491
538 906
22 15
940 518
761 39
359 202
741 641
463 344
174 293
608 813
741 591
686 192
410 455
395 409
8 32
224 917
184 279
336 703
580 338
275 684
149 203
850 968
957 868
671 202
693 398
452 380
607 996
149 316
189 895
744 490
707 254
380 14
166 252
128 161
323 374
255 883
864 946
385 591
650 213
670 144
335 577
623 144
54 405
833 470
355 950
82 930
302 67
854 460
51 401
693 66
180 43
588 152
916 743
83 800
707 314
330 715
863 423
496 223
873 397
721 394
540 842
479 430
790 553
928 44
359 580
454 59
752 480
616 271
670 620
917 167
883 999
758 421
26 482
342 604
10 958
514 510
731 876
182 656
952 623
165 846
519 883
204 676
580 867
192 164
304 558
43 349
163 357
628 631
723 797
5 806
672 749
605 321
92 308
20 585
154 147
124 901
613 158
105 164
202 51
222 546
25 102
318 829
803 179
438 74
746 971
157 168
76 710
116 199
559 93
941 498
33 669
592 620
917 121
521 672
258 518
449 589
746 237
289 996
287 657
560 464
426 311
320 990
285 400
514 430
418 307
203 555
612 346
869 114
262 864
622 282
489 638
697 193
742 595
502 660
622 133
159 649
164 83
312 16
77 816
495 365
531 951
824 171
218 326
129 735
93 150
599 284
985 408
895 677
930 555
381 779
809 714
424 360
963 561
386 700
958 372
653 730
343 951
51 56
198 185
147 525
424 390
614 881
726 867
586 286
714 811
308 810
847 725
781 199
931 550
917 519
136 632
41 293
802 683
456 277
383 442
330 306
79 925
465 601
102 278
505 296
362 227
733 400
76 949
921 286
372 56
652 90
309 521
365 103
292 857
370 553
336 601
462 41
541 922
304 135
547 197
715 907
629 833
963 405
709 185
287 855
8 794
44 72
529 732
806 860
592 584
423 484
928 714
858 391
399 335
828 959
355 643
29 990
780 570
655 958
55 865
197 664
993 745
958 837
315 965
946 949
911 337
234 671
399 109
789 693
21 539
731 458
548 780
649 467
284 466
161 281
903 376
759 393
937 466
673 422
412 398
536 954
830 67
734 729
915 481
961 99
303 84
51 231
296 286
425 958
463 634
584 805
749 405
946 844
738 446
913 556
188 395
18 838
239 808
666 746
153 981
889 483
616 613
201 993
796 1000
946 61
784 928
123 900
913 844
535 77
828 57
980 236
619 100
89 20
585 212
782 606
966 459
751 826
771 203
115 901
945 204
33 569
560 997
569 991
968 394
987 486
732 125
755 834
573 589
426 602
500 879
564 868
727 504
853 813
547 78
56 691
441 383
650 333
922 502
85 808
845 751
732 449
152 117
480 578
453 599
419 545
65 581
122 670
428 433
342 427
34 984
222 390
147 171
259 933
205 161
523 260
525 878
109 261
272 988
938 245
721 131
816 665
928 291
983 263
754 77
256 608
833 378
906 486
612 194
761 648
354 206
541 218
709 872
857 157
105 640
143 354
938 773
977 596
394 820
53 529
883 933
153 663
590 987
317 156
737 421
640 979
148 926
614 825
5 559
689 726
748 55
575 535
644 906
889 511
54 627
330 251
421 640
24 29
762 230
211 84
853 653
711 279
128 608
201 110
900 562
631 520
335 255
193 722
123 785
914 658
821 691
153 124
462 246
634 655
118 532
802 595
163 55
595 24
244 426
427 762
676 475
286 179
276 493
958 705
92 514
244 920
200 159
254 854
996 293
287 700
200 238
439 529
668 861
245 802
985 967
930 64
215 974
474 46
823 655
849 16
9 345
122 690
74 817
948 554
422 383
647 370
477 571
670 145
293 738
129 577
4 875
872 109
582 988
769 529
377 793
170 14
869 640
33 641
655 5
473 87
995 753
648 813
722 866
744 822
639 655
985 44
326 276
255 694
181 575
402 316
169 223
904 6
446 653
31 737
407 34
744 724
965 756
982 690
736 708
773 765
723 574
526 479
196 966
786 376
274 548
131 949
574 491
577 389
409 188
598 509
343 902
344 992
897 542
883 693
361 675
322 939
789 393
511 301
63 660
837 125
539 746
456 472
913 764
542 706
118 624
267 480
234 85
440 940
628 389
234 228
16 959
608 953
348 380
828 694
580 183
263 133
929 489
488 871
215 140
512 789
152 708
916 209
935 663
303 546
357 75
343 721
248 3
517 563
595 899
747 716
769 290
788 122
175 530
793 420
940 333
377 787
780 742
859 167
953 46
403 77
406 892
264 773
123 224
492 475
958 124
312 17
691 527
621 306
185 374
542 346
108 282
915 452
422 212
264 242
764 333
715 147
952 191
114 534
812 859
982 367
711 103
877 268
9 636
451 767
200 863
388 489
277 423
504 147
265 859
250 379
457 35
240 701
326 847
383 266
849 754
956 178
7 288
905 916
945 167
853 566
549 658
232 903
771 895
745 434
905 997
876 520
550 969
997 748
429 368
435 995
720 655
737 295
618 98
391 820
324 489
253 477
751 322
950 852
368 809
148 95
976 936
561 194
465 181
514 737
342 285
290 440
510 583
994 836
298 863
890 789
64 853
746 337
474 328
217 677
125 884
303 15
165 79
67 167
989 796
350 538
411 690
298 538
929 49
286 403
803 968
274 134
20 486
593 492
332 400
354 440
172 745
14 252
108 751
238 798
403 327
8 437
237 572
928 230
782 193
721 465
759 57
999 750
526 202
450 745
40 885
333 796
981 208
74 395
757 953
407 106
412 732
832 159
931 709
770 861
199 661
444 348
407 840
266 684
504 175
502 462
658 902
923 966
894 593
148 584
760 480
870 933
917 764
990 450
318 440
372 29
871 69
323 691
641 714
70 428
932 479
701 518
760 190
599 607
609 431
96 198
261 538
45 243
747 473
110 491
725 190
936 568
719 855
741 267
353 602
295 72
157 330
691 66
418 319
533 31
972 593
831 286
51 872
731 154
180 652
589 216
937 783
977 126
525 796
859 126
328 742
925 103
711 602
398 281
129 612
424 628
647 670
731 297
110 185
977 937
890 634
561 682
907 898
269 421
752 631
803 885
968 913
294 120
995 221
688 563
170 242
263 951
46 848
507 791
826 673
369 778
297 53
152 976
999 530
356 528
375 276
507 900
956 56
80 594
606 994
69 490
377 180
144 831
472 476
678 188
633 679
649 906
155 545
273 366
274 705
994 208
321 634
13 100
163 331
398 742
862 459
274 592
960 144
88 486
878 467
344 948
823 292
3 312
650 810
118 762
430 806
129 329
844 848
222 580
775 726
724 782
447 609
419 808
839 719
885 577
793 845
974 850
478 893
997 723
48 617
270 853
950 203
963 364
33 759
585 418
608 13
106 342
180 753
841 665
879 433
573 818
171 414
688 4
546 190
677 637
816 585
96 447
977 90
171 47
15 342
842 900
137 508
302 806
394 405
270 256
109 488
114 446
670 289
730 84
877 995
751 830
113 126
702 150
578 384
762 613
264 72
670 432
783 115
896 540
716 54
754 193
592 236
919 627
575 509
868 329
601 850
412 503
565 311
714 595
236 147
937 176
518 663
351 226
333 851
762 839
943 494
66 846
305 526
583 951
161 546
398 817
493 653
848 932
522 557
155 12
329 592
821 639
273 185
202 225
350 441
44 764
598 387
357 724
305 889
600 340
364 412
645 579
704 1
797 911
874 465
659 815
451 544
123 847
456 330
29 549
828 482
465 652
16 238
434 641
326 696
724 802
505 714
286 285
508 405
901 918
187 200
225 381
561 507
300 105
138 284
358 435
240 196
867 907
707 958
998 227
893 919
659 707
54 11
684 406
725 622
998 370
5 338
444 942
484 67
489 723
458 866
664 9
515 694
453 631
781 974
8 773
733 641
167 223
578 706
760 545
479 814
856 928
431 666
398 465
422 522
967 10
686 888
234 859
74 564
290 601
203 152
557 987
703 223
907 970
730 219
634 968
237 441
807 877
810 19
114 644
208 705
952 966
911 819
678 26
807 706
316 831
418 241
395 680
431 222
783 373
217 294
18 977
934 195
963 217
832 261
762 970
984 64
724 650
514 593
58 806
437 858
847 727
602 546
511 226
224 420
853 723
287 285
163 259
992 953
865 173
352 472
892 942
579 716
41 972
865 112
689 840
852 268
249 817
969 40
399 661
662 5
441 391
6 985
278 786
372 169
942 245
823 50
805 515
336 746
172 384
971 896
883 204
976 538
295 330
303 883
409 707
750 540
16 555
958 617
30 28
379 426
346 209
485 305
603 498
985 574
659 445
461 174
864 909
78 443
962 282
392 360
56 213
347 342
869 485
285 148
837 839
324 942
240 417
66 383
60 660
521 158
830 400
688 889
800 835
104 304
624 519
472 820
470 259
290 637
942 921
299 745
602 450
749 113
363 442
513 595
644 227
294 940
260 212
942 520
725 504
285 551
860 957
886 470
593 542
868 400
135 908
504 611
191 653
776 797
218 749
37 23
735 64
633 650
778 843
53 733
996 117
188 116
961 828
451 730
586 387
14 680
696 447
662 852
59 257
540 368
390 619
780 295
999 173
771 188
610 396
900 600
376 490
819 680
303 635
14 970
328 333
606 864
992 820
40 321
993 109
426 806
832 813
429 433
858 805
111 691
936 795
611 667
336 583
409 957
727 517
267 43
50 953
15 953
457 905
637 581
442 63
941 423
304 52
802 815
305 333
197 951
310 254
37 798
615 289
229 486
729 998
197 600
281 793
537 219
721 854
479 610
134 59
262 927
963 62
11 413
767 295
752 827
478 438
357 684
744 175
241 139
81 354
377 955
379 5
77 758
85 219
397 751
222 348
994 685
705 806
190 958
28 13
526 820
880 268
734 699
296 365
895 354
260 200
9 840
263 967
360 596
934 184
994 399
654 11
663 376
442 701
170 620
814 461
460 323
914 351
771 506
594 715
169 300
390 964
673 760
773 941
226 310
615 816
836 547
417 747
948 689
382 173
771 152
557 774
248 209
980 258
927 261
625 757
97 444
153 66
228 642
728 714
606 610
880 517
720 810
276 376
262 319
56 738
201 479
55 492
77 372
314 38
371 43
581 965
506 782
841 783
138 91
893 99
948 368
570 70
988 857
546 191
985 965
937 874
722 284
68 702
199 468
798 373
77 952
5 171
977 234
744 139
530 634
140 493
406 338
751 968
772 707
66 58
30 641
612 17
479 26
891 74
29 343
782 271
956 518
668 178
781 917
467 563
928 47
605 873
679 274
296 329
888 941
605 666
914 161
843 13
130 720
494 671
631 938
208 516
943 94
839 217
148 956
905 563
635 284
212 59
298 676
782 843
573 94
188 60
300 550
980 64
139 608
918 394
5 803
600 880
214 919
823 267
511 303
331 701
707 754
447 567
709 416
582 182
875 952
937 78
823 184
555 966
537 343
644 541
701 732
686 112
45 24
270 903
755 655
689 13
731 253
965 360
694 318
570 376
718 176
721 764
295 417
480 302
259 189
361 253
314 173
534 600
214 450
517 561
9 490
889 672
506 516
587 821
475 771
519 244
647 451
9 379
173 10
428 635
584 481
638 692
787 324
128 327
682 914
722 403
6 344
962 162
711 541
12 969
252 454
713 684
290 743
261 247
95 776
920 850
649 436
708 977
53 260
402 124
355 36
302 541
138 514
801 322
968 717
312 881
101 653
973 233
847 944
630 288
208 593
781 482
401 69
282 257
493 624
991 497
204 997
10 974
943 114
396 215
363 140
536 734
800 339
696 420
571 528
331 635
407 806
818 75
145 755
634 483
970 967
859 829
281 124
600 350
35 173
713 863
97 484
11 948
837 480
15 932
774 932
490 221
662 245
811 717
577 931
915 731
608 71
973 277
129 82
96 171
573 663
23 698
232 315
214 639
205 88
152 28
85 642
210 941
985 908
240 546
324 378
437 5
560 56
45 448
493 238
275 455
756 660
849 94
388 878
856 782
963 978
655 808
986 401
34 802
632 521
372 780
194 60
655 857
915 4
511 623
702 220
41 295
83 876
523 507
11 857
30 729
531 980
807 899
847 886
134 555
212 703
673 443
794 389
471 942
353 851
920 588
680 536
623 536
754 409
810 135
204 954
541 277
588 784
827 712
312 619
115 296
853 404
433 489
841 500
936 448
538 444
351 987
889 480
463 189
466 371
377 52
875 213
947 192
703 407
434 917
291 389
83 390
783 671
988 387
808 41
610 397
595 291
903 426
960 228
961 605
600 139
322 913
141 363
680 227
419 25
940 685
7 262
300 780
84 651
513 389
932 473
756 133
230 36
529 915
457 904
409 813
428 255
376 824
193 902
823 902
571 105
63 797
871 954
305 477
91 460
551 286
684 95
557 231
206 815
862 991
946 493
864 827
424 856
341 733
768 49
368 565
792 183
575 148
722 456
150 801
228 1
428 579
689 443
402 930
818 651
320 551
545 961
297 66
506 286
712 477
454 598
809 613
517 301
88 690
344 348
952 27
200 768
75 412
222 349
167 452
777 400
725 298
506 496
770 763
74 732
91 598
58 884
845 275
380 228
485 882
204 990
575 697
711 41
607 104
113 524
335 320
814 466
905 534
835 853
322 672
876 127
344 152
435 323
255 66
628 1000
630 10
585 923
165 807
60 790
98 266
942 481
343 620
605 377
201 19
476 179
945 156
840 438
508 540
435 654
150 167
874 157
675 452
721 518
370 620
426 682
550 454
868 894
438 271
915 674
242 690
993 874
927 984
461 916
525 715
858 600
125 103
695 191
584 232
693 394
440 352
976 882
115 478
484 169
780 622
323 237
877 558
968 790
881 555
203 515
129 932
39 153
198 75
564 572
800 575
449 647
989 721
424 963
936 96
12 806
199 356
200 606
754 29
229 234
877 993
623 901
165 421
473 84
146 18
848 888
976 333
264 217
284 132
235 702
307 221
625 106
990 802
256 877
478 86
5 366
152 814
725 447
504 557
748 880
515 657
312 692
776 195
231 283
387 139
75 887
592 411
761 372
45 595
905 562
615 510
468 174
362 489
71 259
331 606
942 402
982 915
748 669
614 466
454 280
758 202
942 509
323 623
880 836
421 562
154 159
192 326
547 348
984 674
145 560
700 856
112 557
228 679
638 546
92 86
569 25
811 736
41 752
444 731
429 265
13 756
914 919
148 215
426 529
903 33
941 494
889 581
873 456
323 939
452 205
58 196
774 278
632 161
756 937
103 596
909 737
200 269
54 184
312 327
129 791
441 37
314 2
12 934
646 111
280 276
778 63
85 463
55 951
613 121
940 479
375 154
299 703
877 820
346 908
682 802
294 164
976 11
904 376
397 677
159 794
42 20
596 659
172 266
501 465
617 408
411 969
105 716
398 241
646 427
66 187
853 909
692 29
930 662
506 558
511 825
187 991
867 81
389 871
605 765
326 390
70 489
691 460
201 888
912 668
19 587
312 575
773 734
188 82
559 77
459 968
294 578
723 844
279 250
762 170
430 130
438 921
865 163
404 537
576 58
171 894
903 577
460 941
64 462
357 583
243 502
508 725
186 71
619 694
3 381
22 459
870 783
603 896
287 61
419 205
663 310
794 387
33 595
646 527
349 645
98 903
254 770
419 299
499 27
741 276
228 953
923 843
828 964
7 225
319 211
893 42
935 261
591 423
849 204
708 129
964 299
915 809
328 717
973 35
422 299
388 879
924 937
427 131
229 819
654 74
90 75
18 476
94 627
61 602
25 732
641 509
787 464
184 123
744 83
707 361
251 37
250 506
22 734
151 958
320 506
229 614
181 707
481 681
541 355
874 960
711 183
347 788
277 885
886 187
833 525
910 219
145 35
700 699
293 251
904 848
246 181
836 86
290 312
213 820
876 20
71 314
737 698
973 986
939 726
524 760
139 602
250 299
911 7
207 187
524 847
908 238
322 895
128 664
921 497
24 985
886 359
135 831
706 921
654 617
400 812
641 187
611 524
690 389
799 229
984 666
414 285
624 385
699 433
735 162
923 521
864 111
810 440
993 845
131 586
867 884
559 522
44 708
195 503
722 20
724 570
176 240
452 261
826 22
721 852
501 932
962 598
279 928
954 946
459 496
426 267
946 962
416 285
233 771
568 650
128 401
522 97
1000 59
752 652
617 310
693 105
697 110
423 968
356 317
998 836
787 93
181 694
238 825
190 784
756 830
854 135
805 321
498 58
204 840
758 291
354 189
227 441
523 708
874 804
274 282
354 44
463 882
264 284
1000 518
140 439
473 906
666 603
135 748
47 480
197 307
415 652
92 527
455 639
393 511
340 461
145 297
164 19
64 391
887 521
671 748
69 154
233 476
295 712
560 679
957 699
136 899
980 268
231 954
527 761
789 482
790 5
497 10
851 25
407 591
5 49
824 907
953 745
612 874
280 893
392 791
154 858
727 555
915 677
707 967
857 105
879 333
755 979
650 365
392 629
285 278
893 97
551 991
176 876
669 432
600 851
259 884
190 284
199 470
453 994
615 701
702 443
964 498
379 178
877 847
865 911
493 70
366 428
761 846
885 912
891 223
124 230
919 543
812 589
262 554
437 560
640 661
38 412
791 694
596 606
250 30
734 292
347 860
701 165
597 116
777 675
729 164
359 289
553 502
112 98
749 798
545 131
9 580
505 53
696 394
681 90
679 707
151 426
279 209
945 477
984 389
480 228
923 290
276 656
174 104
748 309
362 136
969 416
491 804
359 586
516 435
580 526
942 109
692 668
970 858
789 262
679 950
495 805
794 428
500 909
945 8
326 687
681 534
188 610
365 674
953 630
720 679
223 892
92 828
909 655
949 994
132 716
959 281
979 695
211 545
196 203
987 361
257 345
367 162
522 199
980 600
195 501
214 307
162 214
823 751
679 457
171 12
674 125
215 863
441 774
114 557
43 86
377 896
431 679
103 906
863 736
275 139
441 887
759 307
855 749
427 324
543 530
912 804
234 838
551 7
534 819
354 835
689 928
218 498
764 329
251 358
325 909
142 251
532 583
551 357
221 578
938 890
79 548
812 855
961 11
303 44
342 514
885 512
757 929
574 169
761 422
943 124
967 394
236 400
329 306
3 49
683 595
61 219
154 431
243 182
178 25
734 34
945 505
528 303
292 96
222 993
278 55
254 470
699 295
537 640
809 427
24 621
101 577
690 414
49 494
432 498
589 748
348 62
991 964
408 379
24 76
71 302
598 878
231 851
126 127
494 152
125 445
774 352
758 659
599 661
466 545
286 30
237 564
185 873
826 164
404 461
524 462
980 760
105 194
450 575
807 377
845 134
817 468
526 739
237 866
871 630
587 979
90 217
897 377
552 942
536 51
497 233
673 238
285 224
384 735
539 773
81 595
741 215
370 69
47 538
873 999
450 80
678 712
510 948
403 474
722 516
51 460
198 621
894 798
787 64
549 42
648 794
479 92
545 246
89 50
754 260
155 427
434 222
558 735
144 983
108 24
809 971
648 455
889 176
781 149
198 41
628 918
535 475
188 230
266 680
653 44
178 396
753 512
791 162
595 293
945 374
983 666
770 184
40 324
24 585
315 90
597 608
232 748
943 596
452 977
918 96
409 898
798 420
232 635
927 64
237 758
453 457
475 129
572 785
729 890
727 356
158 33
250 974
417 249
401 796
884 257
725 771
548 504
16 665
436 818
826 134
760 894
121 964
87 235
308 244
660 1
509 693
186 648
358 954
640 509
90 44
517 809
424 632
150 918
467 826
483 481
878 44
346 837
679 5
276 616
830 435
248 971
238 790
345 11
97 698
540 892
208 765
924 195
265 330
564 106
782 161
948 201
677 437
218 426
881 218
147 874
667 355
649 172
834 240
484 553
431 34
17 426
456 918
97 900
804 671
752 216
19 533
784 232
62 597
230 555
585 520
782 882
87 994
44 683
157 964
823 9
917 570
991 745
541 650
746 684
999 210
124 776
799 67
2 66
27 701
896 634
127 868
89 421
386 340
900 105
733 68
326 538
756 155
328 126
124 605
965 369
985 327
775 897
91 268
400 539
555 765
24 323
958 714
371 44
957 781
447 323
858 550
966 613
823 996
537 11
152 39
962 520
390 33
211 516
305 511
177 517
489 763
220 637
369 285
955 498
333 442
263 467
125 824
628 750
938 323
82 525
618 747
303 471
859 207
143 62
844 153
294 190
425 317
284 480
359 924
327 450
772 349
366 284
631 272
156 42
801 187
765 618
420 631
556 587
777 434
929 735
463 928
246 464
736 874
843 14
240 89
586 555
447 460
984 104
457 296
407 942
601 481
714 128
936 410
374 342
321 602
784 862
822 954
897 529
190 898
794 139
98 300
675 644
469 691
328 313
949 947
438 802
311 208
10 871
420 376
442 144
405 12
577 555
172 265
118 629
121 471
837 9
569 875
931 76
944 449
375 675
395 443
660 389
336 412
846 488
244 314
250 919
453 530
811 851
963 221
731 169
91 54
254 966
590 28
465 901
337 906
409 517
533 452
574 560
355 762
691 884
360 68
478 267
968 899
898 882
4 677
883 756
511 628
721 206
613 968
446 481
484 828
857 318
929 921
714 657
418 395
268 125
29 312
322 290
131 472
4 106
8 109
429 739
708 754
51 145
969 950
87 727
127 410
576 624
338 671
32 226
804 576
183 517
610 787
709 589
307 473
496 302
316 25
9 193
213 911
681 437
754 677
519 845
888 655
120 761
456 303
992 957
741 862
705 472
525 77
178 376
733 490
456 362
202 370
615 970
67 560
943 947
605 208
534 84
747 355
932 311
690 472
520 689
6 876
262 250
559 624
449 464
529 581
90 533
290 211
71 954
898 274
979 741
420 316
875 596
788 453
607 917
3 827
225 639
9 442
907 465
821 315
824 529
487 795
418 254
518 245
595 930
355 649
86 811
402 810
205 183
777 782
6 424
890 641
584 256
825 208
787 357
207 946
133 59
437 666
545 427
177 815
252 485
644 457
774 605
440 231
919 721
575 83
812 647
725 674
800 839
653 309
406 603
826 551
311 768
283 229
743 770
113 57
700 105
999 221
525 261
808 664
374 997
740 482
624 793
164 436
847 913
635 507
572 392
170 628
580 899
136 316
710 378
422 449
931 635
179 254
52 624
914 375
297 271
568 654
508 452
790 285
592 226
226 302
176 551
429 139
340 282
92 331
628 693
774 769
204 166
723 219
802 726
175 584
219 584
461 651
444 447
234 7
1 39
975 422
360 536
469 154
289 747
222 655
963 375
74 746
620 614
487 601
897 5
537 46
522 442
116 773
922 496
409 675
599 696
690 628
432 844
806 882
276 208
814 557
194 970
211 984
674 448
656 571
825 852
517 630
349 826
707 152
786 537
56 774
418 373
113 875
294 256
61 523
603 72
397 521
38 773
43 913
764 61
198 575
834 285
785 890
630 722
373 555
172 714
446 441
826 571
367 665
890 502
708 699
675 335
953 790
327 255
757 582
98 197
9 844
297 154
895 968
970 273
668 72
709 628
131 213
294 686
64 251
445 306
943 55
515 852
865 271
258 215
406 71
248 503
969 744
612 885
398 747
990 129
767 549
842 566
540 336
45 782
283 697
585 873
362 146
897 677
884 819
701 835
244 211
101 567
785 80
348 112
91 99
876 574
269 552
589 691
629 146
633 343
220 645
29 604
604 464
72 225
698 797
245 779
148 318
663 745
794 360
33 650
451 135
864 252
596 240
168 675
478 896
241 504
223 568
4 473
983 82
786 746
16 646
845 77
627 31
358 575
816 861
792 150
997 227
321 322
341 963
665 569
335 404
156 180
858 10
930 431
769 619
829 667
179 378
396 136
34 587
109 5
570 617
312 857
403 642
976 320
226 803
423 639
407 346
639 693
311 766
576 533
4 6
506 130
70 771
578 767
805 500
41 31
60 301
406 257
100 574
766 923
322 528
216 19
165 998
27 973
445 342
47 390
965 655
531 461
766 564
478 262
481 34
430 101
880 232
398 711
920 785
553 939
814 207
62 848
560 702
50 136
32 643
341 814
439 30
206 319
724 184
7 331
317 751
249 649
215 420
658 749
756 248
935 820
803 9
896 357
62 781
218 132
287 777
860 221
932 754
186 508
209 53
542 881
210 262
466 924
533 82
882 276
845 224
276 237
115 447
630 215
45 472
530 696
582 641
108 844
717 422
48 723
252 83
968 900
436 922
272 907
848 426
707 481
781 858
588 292
646 878
226 741
807 918
686 893
108 42
375 4
433 773
526 637
851 943
691 642
907 929
415 770
489 786
32 485
976 300
282 597
853 154
1000 674
434 312
182 954
972 312
79 550
360 656
992 737
614 381
117 256
438 127
250 163
69 429
876 51
728 610
397 247
516 371
165 875
331 639
494 921
723 849
932 195
862 388
46 81
510 34
3 382
101 591
706 803
121 257
948 162
127 831
404 890
888 477
451 289
514 1
219 781
230 143
141 694
271 635
220 401
756 67
135 408
263 231
31 347
366 814
572 621
929 376
397 770
824 530
751 185
684 6
480 556
399 394
695 390
453 791
370 119
229 816
360 161
626 132
72 122
845 486
811 26
540 628
716 899
962 130
835 144
982 193
74 962
687 628
544 750
165 378
198 181
705 861
743 829
925 336
920 592
740 369
557 869
282 937
565 493
998 953
433 515
902 691
959 550
709 927
911 643
607 112
847 513
540 175
979 505
925 995
312 637
141 52
779 146
364 195
830 928
500 259
691 90
344 815
511 141
594 627
631 652
7 198
782 694
741 881
615 920
11 259
692 679
567 981
948 841
715 590
365 969
314 813
707 718
729 606
658 674
182 236
422 831
738 404
22 325
760 196
491 33
601 412
90 583
115 168
103 692
794 277
615 207
140 647
508 329
219 134
337 55
599 699
565 583
380 883
115 454
742 161
357 397
786 144
925 240
